algo,graph_num_nodes,graph_num_edges,num_queue_pushes,num_settled,num_labels_propagated,num_labels_reset,num_nodes_searched,time_ms,path_distance,path_number_nodes,path_number_flagged_nodes,path_number_short_pauses,path_number_long_pauses
astar_chpot,12547874,29477659,1558,1356,1560,0,1356,11.764149999999999,13045495,1356,0,0,0
astar_chpot,12547874,29477659,3734,3299,4147,5,1703,4.322169,19072344,1679,5,1,0
astar_chpot,12547874,29477659,4064,3549,4173,5,2537,3.306571,21793860,1718,1,1,0
astar_chpot,12547874,29477659,1634,1330,1639,0,1330,2.287009,14172112,1330,0,0,0
astar_chpot,12547874,29477659,1878,1472,1895,1,1472,2.801882,15559887,1471,0,0,0
astar_chpot,12547874,29477659,2310,1647,2339,4,1647,2.749119,12681756,1647,0,0,0
astar_chpot,12547874,29477659,678,562,680,1,562,1.3690930000000001,5323579,562,0,0,0
astar_chpot,12547874,29477659,3872,3344,3964,6,2398,2.798347,21365408,1828,1,1,0
astar_chpot,12547874,29477659,1672,1384,1709,7,1384,1.606392,12592234,1384,3,0,0
astar_chpot,12547874,29477659,555,461,565,5,461,0.750144,4159528,454,0,0,0
astar_chpot,12547874,29477659,3678,3037,3740,4,2958,2.866161,20714609,1691,2,1,0
astar_chpot,12547874,29477659,1383,979,1401,3,979,2.089607,7301344,979,0,0,0
astar_chpot,12547874,29477659,3616,3219,3766,7,1830,2.4502119999999996,19076045,1520,4,1,0
astar_chpot,12547874,29477659,6620,5278,6804,7,4205,4.570589,21625494,1720,6,1,0
astar_chpot,12547874,29477659,3196,2876,3335,5,1851,2.5627039999999996,23106581,1840,4,1,0
astar_chpot,12547874,29477659,1322,1124,1327,1,1124,1.426051,11556272,1119,0,0,0
astar_chpot,12547874,29477659,479,307,479,0,307,0.897907,4186307,307,0,0,0
astar_chpot,12547874,29477659,970,801,971,0,801,1.407651,11506242,801,0,0,0
astar_chpot,12547874,29477659,802,640,809,1,640,1.076315,6159340,640,0,0,0
astar_chpot,12547874,29477659,1316,1130,1319,0,1130,1.201204,12228386,1130,0,0,0
astar_chpot,12547874,29477659,576,460,578,1,460,0.8277869999999999,4160009,460,0,0,0
astar_chpot,12547874,29477659,638,544,649,4,544,1.339652,5158520,544,0,0,0
astar_chpot,12547874,29477659,1602,1347,1611,1,1347,1.530956,14406073,1347,0,0,0
astar_chpot,12547874,29477659,3649,2981,3702,4,2827,2.773392,24540330,2044,2,1,0
astar_chpot,12547874,29477659,1652,1364,1736,1,1364,1.926271,14641845,1364,0,0,0
astar_chpot,12547874,29477659,1,1,0,0,1,0.265476,NaN,NaN,NaN,NaN,NaN
astar_chpot,12547874,29477659,853,649,858,0,649,0.878885,6486274,649,0,0,0
astar_chpot,12547874,29477659,1501,1153,1513,0,1153,1.556552,10364380,1153,0,0,0
astar_chpot,12547874,29477659,1339,999,1355,0,999,1.248581,7791351,999,0,0,0
astar_chpot,12547874,29477659,1608,1255,1648,3,1255,1.975733,12588867,1255,0,0,0
astar_chpot,12547874,29477659,12311,10134,12785,3,9183,8.746595,23165799,1872,1,1,0
astar_chpot,12547874,29477659,1367,988,1377,0,988,1.13971,9782221,988,0,0,0
astar_chpot,12547874,29477659,1417,1180,1422,2,1180,1.37513,11419364,1168,0,0,0
astar_chpot,12547874,29477659,1395,1162,1403,0,1162,1.476174,12735850,1162,0,0,0
astar_chpot,12547874,29477659,2026,1585,2039,1,1585,2.072246,14380161,1585,0,0,0
astar_chpot,12547874,29477659,1707,1255,1733,1,1255,1.613309,11255943,1255,0,0,0
astar_chpot,12547874,29477659,1153,903,1162,0,903,1.339208,8816845,903,0,0,0
astar_chpot,12547874,29477659,4463,3747,4525,4,3402,3.250128,30628848,2388,1,1,0
astar_chpot,12547874,29477659,982,819,987,1,819,1.135142,8305575,819,0,0,0
astar_chpot,12547874,29477659,2282,1640,2304,0,1640,2.0421110000000002,15779238,1640,0,0,0
astar_chpot,12547874,29477659,451,306,454,0,306,0.744908,2979082,306,0,0,0
astar_chpot,12547874,29477659,6662,5255,6993,2,4157,4.242152,20823920,1828,1,1,0
astar_chpot,12547874,29477659,1,1,0,0,1,0.218261,NaN,NaN,NaN,NaN,NaN
astar_chpot,12547874,29477659,1196,912,1216,1,912,1.622937,8795295,912,0,0,0
astar_chpot,12547874,29477659,3753,3306,3838,2,2426,2.633885,19218958,1384,1,1,0
astar_chpot,12547874,29477659,1,1,0,0,1,0.215408,NaN,NaN,NaN,NaN,NaN
astar_chpot,12547874,29477659,1274,917,1294,3,917,1.3440800000000002,8231387,917,0,0,0
astar_chpot,12547874,29477659,4407,3802,4524,13,2713,2.806654,22187659,1878,3,1,0
astar_chpot,12547874,29477659,2103,1802,2128,9,1802,1.90335,22035388,1795,3,1,0
astar_chpot,12547874,29477659,6244,5257,6417,18,4614,4.332464,23297270,1923,6,1,0
astar_chpot,12547874,29477659,1526,1357,1528,1,1357,1.373139,12409257,1357,0,0,0
astar_chpot,12547874,29477659,948,783,952,0,783,1.722945,7579645,783,0,0,0
astar_chpot,12547874,29477659,5681,4470,5826,5,4224,3.932703,28409829,2558,2,1,0
astar_chpot,12547874,29477659,2052,1583,2065,0,1583,1.848816,15939791,1583,0,0,0
astar_chpot,12547874,29477659,1504,1270,1507,1,1270,1.524311,13559542,1270,0,0,0
astar_chpot,12547874,29477659,5117,3890,5243,6,3798,3.826066,23092983,1745,6,1,0
astar_chpot,12547874,29477659,1458,1198,1485,1,1198,1.462971,12895267,1198,0,0,0
astar_chpot,12547874,29477659,1252,976,1271,1,976,1.451268,10061063,976,0,0,0
astar_chpot,12547874,29477659,993,836,1002,3,836,1.0614240000000001,8287470,836,0,0,0
astar_chpot,12547874,29477659,2130,1462,2156,0,1462,1.8708729999999998,12759524,1462,0,0,0
astar_chpot,12547874,29477659,1238,1060,1243,1,1060,1.551738,13204004,1060,0,0,0
astar_chpot,12547874,29477659,1,1,0,0,1,0.396335,NaN,NaN,NaN,NaN,NaN
astar_chpot,12547874,29477659,708,523,709,0,523,0.846437,8567020,523,0,0,0
astar_chpot,12547874,29477659,2199,1594,2210,0,1594,1.810114,14151945,1594,0,0,0
astar_chpot,12547874,29477659,1092,830,1102,2,830,1.155319,7907979,830,0,0,0
astar_chpot,12547874,29477659,1318,1116,1321,0,1116,1.374841,13455870,1115,0,0,0
astar_chpot,12547874,29477659,8254,6788,8455,2,5354,4.984693,19224969,1965,1,1,0
astar_chpot,12547874,29477659,7792,6244,8074,6,5532,5.606348,23432400,1899,2,1,0
astar_chpot,12547874,29477659,823,570,831,0,570,0.946152,4361255,570,0,0,0
astar_chpot,12547874,29477659,1669,1373,1687,4,1373,1.555907,12463016,1367,0,0,0
astar_chpot,12547874,29477659,1542,1364,1543,0,1364,1.392487,15633462,1364,0,0,0
astar_chpot,12547874,29477659,3759,3289,3815,1,2437,2.508791,20405845,1534,1,1,0
astar_chpot,12547874,29477659,1510,1111,1535,7,1111,1.4701440000000001,8844023,1104,0,0,0
astar_chpot,12547874,29477659,2026,1693,2037,2,1693,1.7318170000000002,15265531,1693,0,0,0
astar_chpot,12547874,29477659,1248,942,1252,1,942,1.288195,8083379,942,0,0,0
astar_chpot,12547874,29477659,3846,3332,3951,25,2908,2.8702490000000003,24481601,1930,2,1,0
astar_chpot,12547874,29477659,1922,1463,1939,0,1463,1.919196,12730372,1463,0,0,0
astar_chpot,12547874,29477659,859,540,873,0,540,0.87157,4658517,540,0,0,0
astar_chpot,12547874,29477659,1711,1343,1723,1,1343,1.528953,14349384,1343,0,0,0
astar_chpot,12547874,29477659,1826,1466,1913,3,1466,1.653074,15594589,1466,0,0,0
astar_chpot,12547874,29477659,2039,1631,2054,1,1631,1.741581,15643161,1617,0,0,0
astar_chpot,12547874,29477659,1,1,0,0,1,0.135809,NaN,NaN,NaN,NaN,NaN
astar_chpot,12547874,29477659,1448,1093,1461,1,1093,1.385435,11327617,1093,0,0,0
astar_chpot,12547874,29477659,1405,1217,1410,3,1217,1.3389879999999998,14799763,1217,0,0,0
astar_chpot,12547874,29477659,2481,2004,2513,11,2004,2.093842,20312789,2004,3,1,0
astar_chpot,12547874,29477659,7033,6038,7310,4,5343,4.6851519999999995,24030579,1784,1,1,0
astar_chpot,12547874,29477659,1200,1028,1222,10,1028,1.23556,10063778,1028,0,0,0
astar_chpot,12547874,29477659,1105,909,1107,0,909,1.1952079999999998,10815108,909,0,0,0
astar_chpot,12547874,29477659,1,1,0,0,1,0.122771,NaN,NaN,NaN,NaN,NaN
astar_chpot,12547874,29477659,1579,1282,1591,2,1282,1.630649,13836366,1282,0,0,0
astar_chpot,12547874,29477659,1168,870,1184,3,870,1.030039,7397166,870,0,0,0
astar_chpot,12547874,29477659,7618,6131,7892,23,4625,4.652832,19898303,1897,7,1,0
astar_chpot,12547874,29477659,1397,1122,1404,0,1122,1.3925750000000001,12507249,1122,0,0,0
astar_chpot,12547874,29477659,1753,1486,1770,7,1486,1.68869,13536790,1486,0,0,0
astar_chpot,12547874,29477659,1374,1002,1392,2,1002,1.504916,8846104,1002,0,0,0
astar_chpot,12547874,29477659,2273,1724,2297,0,1724,1.8677260000000002,14324843,1724,0,0,0
astar_chpot,12547874,29477659,498,335,499,0,335,0.7524679999999999,2464790,335,0,0,0
astar_chpot,12547874,29477659,994,761,999,0,761,1.096503,7704065,761,0,0,0
astar_chpot,12547874,29477659,813,641,814,0,641,0.9803450000000001,6644511,641,0,0,0
astar_chpot,12547874,29477659,8677,6991,8951,4,6205,5.621336,24963021,2056,2,1,0
astar_bidir_chpot,12547874,29477659,1558,1356,1560,0,1356,20.475389,13045495,1356,0,0,0
astar_bidir_chpot,12547874,29477659,3734,3299,4147,5,1703,8.008023,19072344,1679,5,1,0
astar_bidir_chpot,12547874,29477659,4064,3549,4173,5,2537,6.9297580000000005,21793860,1718,1,1,0
astar_bidir_chpot,12547874,29477659,1634,1330,1639,0,1330,4.240902999999999,14172112,1330,0,0,0
astar_bidir_chpot,12547874,29477659,1878,1472,1895,1,1472,3.861588,15559887,1471,0,0,0
astar_bidir_chpot,12547874,29477659,2310,1647,2339,4,1647,3.5214529999999997,12681756,1647,0,0,0
astar_bidir_chpot,12547874,29477659,678,562,680,1,562,2.512107,5323579,562,0,0,0
astar_bidir_chpot,12547874,29477659,3872,3344,3964,6,2398,5.3471020000000005,21365408,1828,1,1,0
astar_bidir_chpot,12547874,29477659,1672,1384,1709,7,1384,2.422726,12592234,1384,3,0,0
astar_bidir_chpot,12547874,29477659,555,461,565,5,461,2.782251,4159528,454,0,0,0
astar_bidir_chpot,12547874,29477659,3678,3037,3740,4,2958,8.194236,20714609,1691,2,1,0
astar_bidir_chpot,12547874,29477659,1383,979,1401,3,979,3.1761649999999997,7301344,979,0,0,0
astar_bidir_chpot,12547874,29477659,3616,3219,3766,7,1830,4.408672,19076045,1520,4,1,0
astar_bidir_chpot,12547874,29477659,6620,5278,6804,7,4205,8.418606,21625494,1720,6,1,0
astar_bidir_chpot,12547874,29477659,3196,2876,3335,5,1851,3.475988,23106581,1840,4,1,0
astar_bidir_chpot,12547874,29477659,1322,1124,1327,1,1124,2.09883,11556272,1119,0,0,0
astar_bidir_chpot,12547874,29477659,479,307,479,0,307,1.294442,4186307,307,0,0,0
astar_bidir_chpot,12547874,29477659,970,801,971,0,801,2.336415,11506242,801,0,0,0
astar_bidir_chpot,12547874,29477659,802,640,809,1,640,1.972195,6159340,640,0,0,0
astar_bidir_chpot,12547874,29477659,1316,1130,1319,0,1130,1.521175,12228386,1130,0,0,0
astar_bidir_chpot,12547874,29477659,576,460,578,1,460,1.2846419999999998,4160009,460,0,0,0
astar_bidir_chpot,12547874,29477659,638,544,649,4,544,1.954374,5158520,544,0,0,0
astar_bidir_chpot,12547874,29477659,1602,1347,1611,1,1347,2.361059,14406073,1347,0,0,0
astar_bidir_chpot,12547874,29477659,3649,2981,3702,4,2827,5.153003,24540330,2044,2,1,0
astar_bidir_chpot,12547874,29477659,1652,1364,1736,1,1364,2.243141,14641845,1364,0,0,0
astar_bidir_chpot,12547874,29477659,1,1,0,0,1,0.917465,NaN,NaN,NaN,NaN,NaN
astar_bidir_chpot,12547874,29477659,853,649,858,0,649,1.153613,6486274,649,0,0,0
astar_bidir_chpot,12547874,29477659,1501,1153,1513,0,1153,2.538462,10364380,1153,0,0,0
astar_bidir_chpot,12547874,29477659,1339,999,1355,0,999,1.62323,7791351,999,0,0,0
astar_bidir_chpot,12547874,29477659,1608,1255,1648,3,1255,2.758397,12588867,1255,0,0,0
astar_bidir_chpot,12547874,29477659,12311,10134,12785,3,9183,16.625985999999997,23165799,1872,1,1,0
astar_bidir_chpot,12547874,29477659,1367,988,1377,0,988,1.635648,9782221,988,0,0,0
astar_bidir_chpot,12547874,29477659,1417,1180,1422,2,1180,1.997899,11419364,1168,0,0,0
astar_bidir_chpot,12547874,29477659,1395,1162,1403,0,1162,1.8395130000000002,12735850,1162,0,0,0
astar_bidir_chpot,12547874,29477659,2026,1585,2039,1,1585,2.5309019999999998,14380161,1585,0,0,0
astar_bidir_chpot,12547874,29477659,1707,1255,1733,1,1255,2.076019,11255943,1255,0,0,0
astar_bidir_chpot,12547874,29477659,1153,903,1162,0,903,1.776878,8816845,903,0,0,0
astar_bidir_chpot,12547874,29477659,4463,3747,4525,4,3402,6.227926,30628848,2388,1,1,0
astar_bidir_chpot,12547874,29477659,982,819,987,1,819,1.8868500000000001,8305575,819,0,0,0
astar_bidir_chpot,12547874,29477659,2282,1640,2304,0,1640,2.422096,15779238,1640,0,0,0
astar_bidir_chpot,12547874,29477659,451,306,454,0,306,1.199999,2979082,306,0,0,0
astar_bidir_chpot,12547874,29477659,6662,5255,6993,2,4157,7.9726539999999995,20823920,1828,1,1,0
astar_bidir_chpot,12547874,29477659,1,1,0,0,1,1.040725,NaN,NaN,NaN,NaN,NaN
astar_bidir_chpot,12547874,29477659,1196,912,1216,1,912,1.730517,8795295,912,0,0,0
astar_bidir_chpot,12547874,29477659,3753,3306,3838,2,2426,5.245792,19218958,1384,1,1,0
astar_bidir_chpot,12547874,29477659,1,1,0,0,1,0.6275029999999999,NaN,NaN,NaN,NaN,NaN
astar_bidir_chpot,12547874,29477659,1274,917,1294,3,917,1.6602970000000001,8231387,917,0,0,0
astar_bidir_chpot,12547874,29477659,4407,3802,4524,13,2713,6.6677919999999995,22187659,1878,3,1,0
astar_bidir_chpot,12547874,29477659,2103,1802,2128,9,1802,2.3270790000000003,22035388,1795,3,1,0
astar_bidir_chpot,12547874,29477659,6244,5257,6417,18,4614,7.7475060000000004,23297270,1923,6,1,0
astar_bidir_chpot,12547874,29477659,1526,1357,1528,1,1357,1.7139259999999998,12409257,1357,0,0,0
astar_bidir_chpot,12547874,29477659,948,783,952,0,783,1.555881,7579645,783,0,0,0
astar_bidir_chpot,12547874,29477659,5681,4470,5826,5,4224,7.479495,28409829,2558,2,1,0
astar_bidir_chpot,12547874,29477659,2052,1583,2065,0,1583,2.138368,15939791,1583,0,0,0
astar_bidir_chpot,12547874,29477659,1504,1270,1507,1,1270,2.027276,13559542,1270,0,0,0
astar_bidir_chpot,12547874,29477659,5117,3890,5243,6,3798,6.257656000000001,23092983,1745,6,1,0
astar_bidir_chpot,12547874,29477659,1458,1198,1485,1,1198,1.915788,12895267,1198,0,0,0
astar_bidir_chpot,12547874,29477659,1252,976,1271,1,976,1.5814329999999999,10061063,976,0,0,0
astar_bidir_chpot,12547874,29477659,993,836,1002,3,836,1.617047,8287470,836,0,0,0
astar_bidir_chpot,12547874,29477659,2130,1462,2156,0,1462,2.7903979999999997,12759524,1462,0,0,0
astar_bidir_chpot,12547874,29477659,1238,1060,1243,1,1060,1.899792,13204004,1060,0,0,0
astar_bidir_chpot,12547874,29477659,1,1,0,0,1,0.40623200000000004,NaN,NaN,NaN,NaN,NaN
astar_bidir_chpot,12547874,29477659,708,523,709,0,523,1.1400780000000001,8567020,523,0,0,0
astar_bidir_chpot,12547874,29477659,2199,1594,2210,0,1594,2.199495,14151945,1594,0,0,0
astar_bidir_chpot,12547874,29477659,1092,830,1102,2,830,1.5077479999999999,7907979,830,0,0,0
astar_bidir_chpot,12547874,29477659,1318,1116,1321,0,1116,1.6626150000000002,13455870,1115,0,0,0
astar_bidir_chpot,12547874,29477659,8254,6788,8455,2,5354,9.917612,19224969,1965,1,1,0
astar_bidir_chpot,12547874,29477659,7792,6244,8074,6,5532,9.885266999999999,23432400,1899,2,1,0
astar_bidir_chpot,12547874,29477659,823,570,831,0,570,1.419214,4361255,570,0,0,0
astar_bidir_chpot,12547874,29477659,1669,1373,1687,4,1373,1.8807159999999998,12463016,1367,0,0,0
astar_bidir_chpot,12547874,29477659,1542,1364,1543,0,1364,1.715079,15633462,1364,0,0,0
astar_bidir_chpot,12547874,29477659,3759,3289,3815,1,2437,4.419323,20405845,1534,1,1,0
astar_bidir_chpot,12547874,29477659,1510,1111,1535,7,1111,2.1794599999999997,8844023,1104,0,0,0
astar_bidir_chpot,12547874,29477659,2026,1693,2037,2,1693,2.2259939999999996,15265531,1693,0,0,0
astar_bidir_chpot,12547874,29477659,1248,942,1252,1,942,1.700893,8083379,942,0,0,0
astar_bidir_chpot,12547874,29477659,3846,3332,3951,25,2908,5.242046,24481601,1930,2,1,0
astar_bidir_chpot,12547874,29477659,1922,1463,1939,0,1463,2.189935,12730372,1463,0,0,0
astar_bidir_chpot,12547874,29477659,859,540,873,0,540,1.247162,4658517,540,0,0,0
astar_bidir_chpot,12547874,29477659,1711,1343,1723,1,1343,1.9552699999999998,14349384,1343,0,0,0
astar_bidir_chpot,12547874,29477659,1826,1466,1913,3,1466,2.133135,15594589,1466,0,0,0
astar_bidir_chpot,12547874,29477659,2039,1631,2054,1,1631,2.2201259999999996,15643161,1617,0,0,0
astar_bidir_chpot,12547874,29477659,1,1,0,0,1,0.599312,NaN,NaN,NaN,NaN,NaN
astar_bidir_chpot,12547874,29477659,1448,1093,1461,1,1093,1.694404,11327617,1093,0,0,0
astar_bidir_chpot,12547874,29477659,1405,1217,1410,3,1217,1.958432,14799763,1217,0,0,0
astar_bidir_chpot,12547874,29477659,2481,2004,2513,11,2004,3.0365930000000003,20312789,2004,3,1,0
astar_bidir_chpot,12547874,29477659,7033,6038,7310,4,5343,8.642006,24030579,1784,1,1,0
astar_bidir_chpot,12547874,29477659,1200,1028,1222,10,1028,1.561224,10063778,1028,0,0,0
astar_bidir_chpot,12547874,29477659,1105,909,1107,0,909,1.717853,10815108,909,0,0,0
astar_bidir_chpot,12547874,29477659,1,1,0,0,1,0.5797899999999999,NaN,NaN,NaN,NaN,NaN
astar_bidir_chpot,12547874,29477659,1579,1282,1591,2,1282,1.897815,13836366,1282,0,0,0
astar_bidir_chpot,12547874,29477659,1168,870,1184,3,870,1.488296,7397166,870,0,0,0
astar_bidir_chpot,12547874,29477659,7618,6131,7892,23,4625,8.965344,19898303,1897,7,1,0
astar_bidir_chpot,12547874,29477659,1397,1122,1404,0,1122,1.8182509999999998,12507249,1122,0,0,0
astar_bidir_chpot,12547874,29477659,1753,1486,1770,7,1486,1.934479,13536790,1486,0,0,0
astar_bidir_chpot,12547874,29477659,1374,1002,1392,2,1002,1.795971,8846104,1002,0,0,0
astar_bidir_chpot,12547874,29477659,2273,1724,2297,0,1724,2.238948,14324843,1724,0,0,0
astar_bidir_chpot,12547874,29477659,498,335,499,0,335,1.349661,2464790,335,0,0,0
astar_bidir_chpot,12547874,29477659,994,761,999,0,761,1.5405600000000002,7704065,761,0,0,0
astar_bidir_chpot,12547874,29477659,813,641,814,0,641,1.393239,6644511,641,0,0,0
astar_bidir_chpot,12547874,29477659,8677,6991,8951,4,6205,11.998287,24963021,2056,2,1,0
dijkstra,12547874,29477659,1558,1356,1560,0,1356,22064.042698,13045495,1356,0,0,0
dijkstra,12547874,29477659,3734,3299,4147,5,1703,67105.956679,19072344,1679,5,1,0
dijkstra,12547874,29477659,4064,3549,4173,5,2537,77377.352355,21793860,1718,1,1,0
dijkstra,12547874,29477659,1634,1330,1639,0,1330,32826.076192,14172112,1330,0,0,0
dijkstra,12547874,29477659,1878,1472,1895,1,1472,19416.015721,15559887,1471,0,0,0
dijkstra,12547874,29477659,2310,1647,2339,4,1647,26279.018172,12681756,1647,0,0,0
dijkstra,12547874,29477659,678,562,680,1,562,1136.195549,5323579,562,0,0,0
dijkstra,12547874,29477659,3872,3344,3964,6,2398,58269.067672,21365408,1828,1,1,0
dijkstra,12547874,29477659,1672,1384,1709,7,1384,14314.298641000001,12592234,1384,3,0,0
dijkstra,12547874,29477659,555,461,565,5,461,976.603739,4159528,454,0,0,0
dijkstra,12547874,29477659,3678,3037,3740,4,2958,88910.926454,20714609,1691,2,1,0
dijkstra,12547874,29477659,1383,979,1401,3,979,4457.8044820000005,7301344,979,0,0,0
dijkstra,12547874,29477659,3616,3219,3766,7,1830,92554.774748,19076045,1520,4,1,0
dijkstra,12547874,29477659,6620,5278,6804,7,4205,96744.73599300001,21625494,1720,6,1,0
dijkstra,12547874,29477659,3196,2876,3335,5,1851,56174.610641,23106581,1840,4,1,0
dijkstra,12547874,29477659,1322,1124,1327,1,1124,18905.465857,11556272,1119,0,0,0
dijkstra,12547874,29477659,479,307,479,0,307,94.461207,4186307,307,0,0,0
dijkstra,12547874,29477659,970,801,971,0,801,13247.609799,11506242,801,0,0,0
dijkstra,12547874,29477659,802,640,809,1,640,1379.668586,6159340,640,0,0,0
dijkstra,12547874,29477659,1316,1130,1319,0,1130,21839.640494,12228386,1130,0,0,0
dijkstra,12547874,29477659,576,460,578,1,460,908.506841,4160009,460,0,0,0
dijkstra,12547874,29477659,638,544,649,4,544,639.083713,5158520,544,0,0,0
dijkstra,12547874,29477659,1602,1347,1611,1,1347,21844.205987999998,14406073,1347,0,0,0
dijkstra,12547874,29477659,3649,2981,3702,4,2827,67711.078848,24540330,2044,2,1,0
dijkstra,12547874,29477659,1652,1364,1736,1,1364,59887.443358,14641845,1364,0,0,0
dijkstra,12547874,29477659,1,1,0,0,1,249422.533844,NaN,NaN,NaN,NaN,NaN
dijkstra,12547874,29477659,853,649,858,0,649,1214.241219,6486274,649,0,0,0
dijkstra,12547874,29477659,1501,1153,1513,0,1153,21935.563635000002,10364380,1153,0,0,0
dijkstra,12547874,29477659,1339,999,1355,0,999,4781.530682,7791351,999,0,0,0
dijkstra,12547874,29477659,1608,1255,1648,3,1255,10519.30539,12588867,1255,0,0,0
dijkstra,12547874,29477659,12311,10134,12785,3,9183,51045.447995,23165799,1872,1,1,0
dijkstra,12547874,29477659,1367,988,1377,0,988,2734.1828530000003,9782221,988,0,0,0
dijkstra,12547874,29477659,1417,1180,1422,2,1180,33812.349164,11419364,1168,0,0,0
dijkstra,12547874,29477659,1395,1162,1403,0,1162,14285.712427,12735850,1162,0,0,0
dijkstra,12547874,29477659,2026,1585,2039,1,1585,39633.069816,14380161,1585,0,0,0
dijkstra,12547874,29477659,1707,1255,1733,1,1255,18016.667028,11255943,1255,0,0,0
dijkstra,12547874,29477659,1153,903,1162,0,903,9725.961313,8816845,903,0,0,0
dijkstra,12547874,29477659,4463,3747,4525,4,3402,112605.378138,30628848,2388,1,1,0
dijkstra,12547874,29477659,982,819,987,1,819,8436.927666000001,8305575,819,0,0,0
dijkstra,12547874,29477659,2282,1640,2304,0,1640,17384.308587,15779238,1640,0,0,0
dijkstra,12547874,29477659,451,306,454,0,306,259.989714,2979082,306,0,0,0
dijkstra,12547874,29477659,6662,5255,6993,2,4157,88032.035349,20823920,1828,1,1,0
dijkstra,12547874,29477659,1,1,0,0,1,303058.781015,NaN,NaN,NaN,NaN,NaN
dijkstra,12547874,29477659,1196,912,1216,1,912,6781.686627,8795295,912,0,0,0
dijkstra,12547874,29477659,3753,3306,3838,2,2426,70563.225918,19218958,1384,1,1,0
dijkstra,12547874,29477659,1,1,0,0,1,282387.312144,NaN,NaN,NaN,NaN,NaN
dijkstra,12547874,29477659,1274,917,1294,3,917,9457.808229,8231387,917,0,0,0
dijkstra,12547874,29477659,4407,3802,4524,13,2713,80057.25902,22187659,1878,3,1,0
dijkstra,12547874,29477659,2103,1802,2128,9,1802,82155.391925,22035388,1795,3,1,0
dijkstra,12547874,29477659,6244,5257,6417,18,4614,93288.095489,23297270,1923,6,1,0
dijkstra,12547874,29477659,1526,1357,1528,1,1357,45402.053642,12409257,1357,0,0,0
dijkstra,12547874,29477659,948,783,952,0,783,3820.774864,7579645,783,0,0,0
dijkstra,12547874,29477659,5681,4470,5826,5,4224,84440.02114600001,28409829,2558,2,1,0
dijkstra,12547874,29477659,2052,1583,2065,0,1583,33934.096344,15939791,1583,0,0,0
dijkstra,12547874,29477659,1504,1270,1507,1,1270,38797.612848,13559542,1270,0,0,0
dijkstra,12547874,29477659,5117,3890,5243,6,3798,92781.65003799999,23092983,1745,6,1,0
dijkstra,12547874,29477659,1458,1198,1485,1,1198,19584.043246,12895267,1198,0,0,0
dijkstra,12547874,29477659,1252,976,1271,1,976,11461.644279,10061063,976,0,0,0
dijkstra,12547874,29477659,993,836,1002,3,836,4940.545007,8287470,836,0,0,0
dijkstra,12547874,29477659,2130,1462,2156,0,1462,27904.491225,12759524,1462,0,0,0
dijkstra,12547874,29477659,1238,1060,1243,1,1060,23646.113918000003,13204004,1060,0,0,0
dijkstra,12547874,29477659,1,1,0,0,1,0.00452,NaN,NaN,NaN,NaN,NaN
dijkstra,12547874,29477659,708,523,709,0,523,2500.2876220000003,8567020,523,0,0,0
dijkstra,12547874,29477659,2199,1594,2210,0,1594,47519.936563999996,14151945,1594,0,0,0
dijkstra,12547874,29477659,1092,830,1102,2,830,9550.768866,7907979,830,0,0,0
dijkstra,12547874,29477659,1318,1116,1321,0,1116,15569.074381,13455870,1115,0,0,0
dijkstra,12547874,29477659,8254,6788,8455,2,5354,62367.77981,19224969,1965,1,1,0
dijkstra,12547874,29477659,7792,6244,8074,6,5532,78721.172998,23432400,1899,2,1,0
dijkstra,12547874,29477659,823,570,831,0,570,1051.766831,4361255,570,0,0,0
dijkstra,12547874,29477659,1669,1373,1687,4,1373,37754.222741,12463016,1367,0,0,0
dijkstra,12547874,29477659,1542,1364,1543,0,1364,29161.204727,15633462,1364,0,0,0
dijkstra,12547874,29477659,3759,3289,3815,1,2437,74206.942516,20405845,1534,1,1,0
dijkstra,12547874,29477659,1510,1111,1535,7,1111,12560.184302,8844023,1104,0,0,0
dijkstra,12547874,29477659,2026,1693,2037,2,1693,52081.605797000004,15265531,1693,0,0,0
dijkstra,12547874,29477659,1248,942,1252,1,942,3743.648863,8083379,942,0,0,0
dijkstra,12547874,29477659,3846,3332,3951,25,2908,88843.439234,24481601,1930,2,1,0
dijkstra,12547874,29477659,1922,1463,1939,0,1463,19270.006742,12730372,1463,0,0,0
dijkstra,12547874,29477659,859,540,873,0,540,298.868307,4658517,540,0,0,0
dijkstra,12547874,29477659,1711,1343,1723,1,1343,28047.472674,14349384,1343,0,0,0
dijkstra,12547874,29477659,1826,1466,1913,3,1466,58713.599653000005,15594589,1466,0,0,0
dijkstra,12547874,29477659,2039,1631,2054,1,1631,43370.004339,15643161,1617,0,0,0
dijkstra,12547874,29477659,1,1,0,0,1,0.002438,NaN,NaN,NaN,NaN,NaN
dijkstra,12547874,29477659,1448,1093,1461,1,1093,26248.664015,11327617,1093,0,0,0
dijkstra,12547874,29477659,1405,1217,1410,3,1217,44149.888811,14799763,1217,0,0,0
dijkstra,12547874,29477659,2481,2004,2513,11,2004,71110.17541299999,20312789,2004,3,1,0
dijkstra,12547874,29477659,7033,6038,7310,4,5343,89890.234595,24030579,1784,1,1,0
dijkstra,12547874,29477659,1200,1028,1222,10,1028,14207.917016,10063778,1028,0,0,0
dijkstra,12547874,29477659,1105,909,1107,0,909,7327.361371,10815108,909,0,0,0
dijkstra,12547874,29477659,1,1,0,0,1,272529.548336,NaN,NaN,NaN,NaN,NaN
dijkstra,12547874,29477659,1579,1282,1591,2,1282,44297.574268,13836366,1282,0,0,0
dijkstra,12547874,29477659,1168,870,1184,3,870,5408.7669399999995,7397166,870,0,0,0
dijkstra,12547874,29477659,7618,6131,7892,23,4625,69911.435887,19898303,1897,7,1,0
dijkstra,12547874,29477659,1397,1122,1404,0,1122,37816.226112000004,12507249,1122,0,0,0
dijkstra,12547874,29477659,1753,1486,1770,7,1486,25110.725099,13536790,1486,0,0,0
dijkstra,12547874,29477659,1374,1002,1392,2,1002,12046.206428,8846104,1002,0,0,0
dijkstra,12547874,29477659,2273,1724,2297,0,1724,48682.392229000005,14324843,1724,0,0,0
dijkstra,12547874,29477659,498,335,499,0,335,174.821525,2464790,335,0,0,0
dijkstra,12547874,29477659,994,761,999,0,761,6175.35556,7704065,761,0,0,0
dijkstra,12547874,29477659,813,641,814,0,641,2278.6904329999998,6644511,641,0,0,0
dijkstra,12547874,29477659,8677,6991,8951,4,6205,86737.496421,24963021,2056,2,1,0
dijkstra_bidir,12547874,29477659,1558,1356,1560,0,1356,6636.60949,13045495,1356,0,0,0
dijkstra_bidir,12547874,29477659,3734,3299,4147,5,1703,18699.315404,19072344,1679,5,1,0
dijkstra_bidir,12547874,29477659,4064,3549,4173,5,2537,32893.738434,21793860,1718,1,1,0
dijkstra_bidir,12547874,29477659,1634,1330,1639,0,1330,6446.5606290000005,14172112,1330,0,0,0
dijkstra_bidir,12547874,29477659,1878,1472,1895,1,1472,7660.268645,15559887,1471,0,0,0
dijkstra_bidir,12547874,29477659,2310,1647,2339,4,1647,4900.899228,12681756,1647,0,0,0
dijkstra_bidir,12547874,29477659,678,562,680,1,562,503.661806,5323579,562,0,0,0
dijkstra_bidir,12547874,29477659,3872,3344,3964,6,2398,30702.198177,21365408,1828,1,1,0
dijkstra_bidir,12547874,29477659,1672,1384,1709,7,1384,4212.332984,12592234,1384,3,0,0
dijkstra_bidir,12547874,29477659,555,461,565,5,461,653.622615,4159528,454,0,0,0
dijkstra_bidir,12547874,29477659,3678,3037,3740,4,2958,31325.083353,20714609,1691,2,1,0
dijkstra_bidir,12547874,29477659,1383,979,1401,3,979,1467.632404,7301344,979,0,0,0
dijkstra_bidir,12547874,29477659,3616,3219,3766,7,1830,31056.472804999998,19076045,1520,4,1,0
dijkstra_bidir,12547874,29477659,6620,5278,6804,7,4205,28088.239951,21625494,1720,6,1,0
dijkstra_bidir,12547874,29477659,3196,2876,3335,5,1851,22879.632584,23106581,1840,4,1,0
dijkstra_bidir,12547874,29477659,1322,1124,1327,1,1124,5982.886911,11556272,1119,0,0,0
dijkstra_bidir,12547874,29477659,479,307,479,0,307,38.265945,4186307,307,0,0,0
dijkstra_bidir,12547874,29477659,970,801,971,0,801,1670.3823519999999,11506242,801,0,0,0
dijkstra_bidir,12547874,29477659,802,640,809,1,640,414.66258,6159340,640,0,0,0
dijkstra_bidir,12547874,29477659,1316,1130,1319,0,1130,4815.9707960000005,12228386,1130,0,0,0
dijkstra_bidir,12547874,29477659,576,460,578,1,460,373.392299,4160009,460,0,0,0
dijkstra_bidir,12547874,29477659,638,544,649,4,544,265.508575,5158520,544,0,0,0
dijkstra_bidir,12547874,29477659,1602,1347,1611,1,1347,5067.83174,14406073,1347,0,0,0
dijkstra_bidir,12547874,29477659,3649,2981,3702,4,2827,39128.583799,24540330,2044,2,1,0
dijkstra_bidir,12547874,29477659,1652,1364,1736,1,1364,9849.956005999999,14641845,1364,0,0,0
dijkstra_bidir,12547874,29477659,1,1,0,0,1,0.200248,NaN,NaN,NaN,NaN,NaN
dijkstra_bidir,12547874,29477659,853,649,858,0,649,85.150029,6486274,649,0,0,0
dijkstra_bidir,12547874,29477659,1501,1153,1513,0,1153,2240.20232,10364380,1153,0,0,0
dijkstra_bidir,12547874,29477659,1339,999,1355,0,999,1116.672847,7791351,999,0,0,0
dijkstra_bidir,12547874,29477659,1608,1255,1648,3,1255,2258.212563,12588867,1255,0,0,0
dijkstra_bidir,12547874,29477659,12311,10134,12785,3,9183,28554.157702,23165799,1872,1,1,0
dijkstra_bidir,12547874,29477659,1367,988,1377,0,988,719.870142,9782221,988,0,0,0
dijkstra_bidir,12547874,29477659,1417,1180,1422,2,1180,5192.921377000001,11419364,1168,0,0,0
dijkstra_bidir,12547874,29477659,1395,1162,1403,0,1162,5079.9965010000005,12735850,1162,0,0,0
dijkstra_bidir,12547874,29477659,2026,1585,2039,1,1585,6130.257311,14380161,1585,0,0,0
dijkstra_bidir,12547874,29477659,1707,1255,1733,1,1255,3172.638771,11255943,1255,0,0,0
dijkstra_bidir,12547874,29477659,1153,903,1162,0,903,1610.196672,8816845,903,0,0,0
dijkstra_bidir,12547874,29477659,4463,3747,4525,4,3402,52280.886535,30628848,2388,1,1,0
dijkstra_bidir,12547874,29477659,982,819,987,1,819,2092.5490130000003,8305575,819,0,0,0
dijkstra_bidir,12547874,29477659,2282,1640,2304,0,1640,5003.757235,15779238,1640,0,0,0
dijkstra_bidir,12547874,29477659,451,306,454,0,306,115.14348000000001,2979082,306,0,0,0
dijkstra_bidir,12547874,29477659,6662,5255,6993,2,4157,24874.142277,20823920,1828,1,1,0
dijkstra_bidir,12547874,29477659,1,1,0,0,1,0.200792,NaN,NaN,NaN,NaN,NaN
dijkstra_bidir,12547874,29477659,1196,912,1216,1,912,1564.2802609999999,8795295,912,0,0,0
dijkstra_bidir,12547874,29477659,3753,3306,3838,2,2426,27655.128744999998,19218958,1384,1,1,0
dijkstra_bidir,12547874,29477659,1,1,0,0,1,0.20483400000000002,NaN,NaN,NaN,NaN,NaN
dijkstra_bidir,12547874,29477659,1274,917,1294,3,917,1296.436652,8231387,917,0,0,0
dijkstra_bidir,12547874,29477659,4407,3802,4524,13,2713,39596.87558,22187659,1878,3,1,0
dijkstra_bidir,12547874,29477659,2103,1802,2128,9,1802,27148.530153,22035388,1795,3,1,0
dijkstra_bidir,12547874,29477659,6244,5257,6417,18,4614,49460.946558,23297270,1923,6,1,0
dijkstra_bidir,12547874,29477659,1526,1357,1528,1,1357,6274.144386999999,12409257,1357,0,0,0
dijkstra_bidir,12547874,29477659,948,783,952,0,783,1186.779042,7579645,783,0,0,0
dijkstra_bidir,12547874,29477659,5681,4470,5826,5,4224,50078.263534,28409829,2558,2,1,0
dijkstra_bidir,12547874,29477659,2052,1583,2065,0,1583,6050.606774,15939791,1583,0,0,0
dijkstra_bidir,12547874,29477659,1504,1270,1507,1,1270,8508.297783,13559542,1270,0,0,0
dijkstra_bidir,12547874,29477659,5117,3890,5243,6,3798,16465.969358,23092983,1745,6,1,0
dijkstra_bidir,12547874,29477659,1458,1198,1485,1,1198,5176.215638000001,12895267,1198,0,0,0
dijkstra_bidir,12547874,29477659,1252,976,1271,1,976,2021.845719,10061063,976,0,0,0
dijkstra_bidir,12547874,29477659,993,836,1002,3,836,1210.139897,8287470,836,0,0,0
dijkstra_bidir,12547874,29477659,2130,1462,2156,0,1462,3080.688446,12759524,1462,0,0,0
dijkstra_bidir,12547874,29477659,1238,1060,1243,1,1060,5078.8397239999995,13204004,1060,0,0,0
dijkstra_bidir,12547874,29477659,1,1,0,0,1,0.210369,NaN,NaN,NaN,NaN,NaN
dijkstra_bidir,12547874,29477659,708,523,709,0,523,758.569406,8567020,523,0,0,0
dijkstra_bidir,12547874,29477659,2199,1594,2210,0,1594,5669.689165999999,14151945,1594,0,0,0
dijkstra_bidir,12547874,29477659,1092,830,1102,2,830,1124.41035,7907979,830,0,0,0
dijkstra_bidir,12547874,29477659,1318,1116,1321,0,1116,4943.083707,13455870,1115,0,0,0
dijkstra_bidir,12547874,29477659,8254,6788,8455,2,5354,20209.714881,19224969,1965,1,1,0
dijkstra_bidir,12547874,29477659,7792,6244,8074,6,5532,40564.443265,23432400,1899,2,1,0
dijkstra_bidir,12547874,29477659,823,570,831,0,570,207.965628,4361255,570,0,0,0
dijkstra_bidir,12547874,29477659,1669,1373,1687,4,1373,6580.0460809999995,12463016,1367,0,0,0
dijkstra_bidir,12547874,29477659,1542,1364,1543,0,1364,7568.3299640000005,15633462,1364,0,0,0
dijkstra_bidir,12547874,29477659,3759,3289,3815,1,2437,24216.325447,20405845,1534,1,1,0
dijkstra_bidir,12547874,29477659,1510,1111,1535,7,1111,1944.732536,8844023,1104,0,0,0
dijkstra_bidir,12547874,29477659,2026,1693,2037,2,1693,10689.477306,15265531,1693,0,0,0
dijkstra_bidir,12547874,29477659,1248,942,1252,1,942,863.377013,8083379,942,0,0,0
dijkstra_bidir,12547874,29477659,3846,3332,3951,25,2908,51820.087192,24481601,1930,2,1,0
dijkstra_bidir,12547874,29477659,1922,1463,1939,0,1463,3564.959423,12730372,1463,0,0,0
dijkstra_bidir,12547874,29477659,859,540,873,0,540,136.49882599999998,4658517,540,0,0,0
dijkstra_bidir,12547874,29477659,1711,1343,1723,1,1343,6143.4771120000005,14349384,1343,0,0,0
dijkstra_bidir,12547874,29477659,1826,1466,1913,3,1466,11161.650077999999,15594589,1466,0,0,0
dijkstra_bidir,12547874,29477659,2039,1631,2054,1,1631,8199.043478,15643161,1617,0,0,0
dijkstra_bidir,12547874,29477659,1,1,0,0,1,0.20223,NaN,NaN,NaN,NaN,NaN
dijkstra_bidir,12547874,29477659,1448,1093,1461,1,1093,2968.595194,11327617,1093,0,0,0
dijkstra_bidir,12547874,29477659,1405,1217,1410,3,1217,13893.565131000001,14799763,1217,0,0,0
dijkstra_bidir,12547874,29477659,2481,2004,2513,11,2004,37123.879417,20312789,2004,3,1,0
dijkstra_bidir,12547874,29477659,7033,6038,7310,4,5343,34816.346428000004,24030579,1784,1,1,0
dijkstra_bidir,12547874,29477659,1200,1028,1222,10,1028,2557.301356,10063778,1028,0,0,0
dijkstra_bidir,12547874,29477659,1105,909,1107,0,909,2420.138848,10815108,909,0,0,0
dijkstra_bidir,12547874,29477659,1,1,0,0,1,0.236874,NaN,NaN,NaN,NaN,NaN
dijkstra_bidir,12547874,29477659,1579,1282,1591,2,1282,8544.831813,13836366,1282,0,0,0
dijkstra_bidir,12547874,29477659,1168,870,1184,3,870,1179.587394,7397166,870,0,0,0
dijkstra_bidir,12547874,29477659,7618,6131,7892,23,4625,22865.746049999998,19898303,1897,7,1,0
dijkstra_bidir,12547874,29477659,1397,1122,1404,0,1122,3061.699777,12507249,1122,0,0,0
dijkstra_bidir,12547874,29477659,1753,1486,1770,7,1486,6812.631843,13536790,1486,0,0,0
dijkstra_bidir,12547874,29477659,1374,1002,1392,2,1002,1193.9304399999999,8846104,1002,0,0,0
dijkstra_bidir,12547874,29477659,2273,1724,2297,0,1724,5044.525755000001,14324843,1724,0,0,0
dijkstra_bidir,12547874,29477659,498,335,499,0,335,64.70891300000001,2464790,335,0,0,0
dijkstra_bidir,12547874,29477659,994,761,999,0,761,1103.293909,7704065,761,0,0,0
dijkstra_bidir,12547874,29477659,813,641,814,0,641,857.4661679999999,6644511,641,0,0,0
dijkstra_bidir,12547874,29477659,8677,6991,8951,4,6205,34595.894495,24963021,2056,2,1,0
core_ch,12547874,29477659,1558,1356,1560,0,1356,85.708715,13045495,1356,0,0,0
core_ch_chpot,12547874,29477659,1558,1356,1560,0,1356,18.241624,13045495,1356,0,0,0
core_ch,12547874,29477659,3734,3299,4147,5,1703,185.82635,19072344,1679,5,1,0
core_ch_chpot,12547874,29477659,3734,3299,4147,5,1703,7.027566,19072344,1679,5,1,0
core_ch,12547874,29477659,4064,3549,4173,5,2537,258.181826,21793860,1718,1,1,0
core_ch_chpot,12547874,29477659,4064,3549,4173,5,2537,7.899239000000001,21793860,1718,1,1,0
core_ch,12547874,29477659,1634,1330,1639,0,1330,137.27624999999998,14172112,1330,0,0,0
core_ch_chpot,12547874,29477659,1634,1330,1639,0,1330,4.034709,14172112,1330,0,0,0
core_ch,12547874,29477659,1878,1472,1895,1,1472,154.87036600000002,15559887,1471,0,0,0
core_ch_chpot,12547874,29477659,1878,1472,1895,1,1472,3.306957,15559887,1471,0,0,0
core_ch,12547874,29477659,2310,1647,2339,4,1647,157.145541,12681756,1647,0,0,0
core_ch_chpot,12547874,29477659,2310,1647,2339,4,1647,3.721923,12681756,1647,0,0,0
core_ch,12547874,29477659,678,562,680,1,562,42.724018,5323579,562,0,0,0
core_ch_chpot,12547874,29477659,678,562,680,1,562,2.4103559999999997,5323579,562,0,0,0
core_ch,12547874,29477659,3872,3344,3964,6,2398,259.153044,21365408,1828,1,1,0
core_ch_chpot,12547874,29477659,3872,3344,3964,6,2398,6.751089,21365408,1828,1,1,0
core_ch,12547874,29477659,1672,1384,1709,7,1384,119.350447,12592234,1384,3,0,0
core_ch_chpot,12547874,29477659,1672,1384,1709,7,1384,4.110505000000001,12592234,1384,3,0,0
core_ch,12547874,29477659,555,461,565,5,461,27.534869999999998,4159528,454,0,0,0
core_ch_chpot,12547874,29477659,555,461,565,5,461,3.1208519999999997,4159528,454,0,0,0
core_ch,12547874,29477659,3678,3037,3740,4,2958,258.92903299999995,20714609,1691,2,1,0
core_ch_chpot,12547874,29477659,3678,3037,3740,4,2958,5.851091,20714609,1691,2,1,0
core_ch,12547874,29477659,1383,979,1401,3,979,65.988795,7301344,979,0,0,0
core_ch_chpot,12547874,29477659,1383,979,1401,3,979,3.7718890000000003,7301344,979,0,0,0
core_ch,12547874,29477659,3616,3219,3766,7,1830,228.875456,19076045,1520,4,1,0
core_ch_chpot,12547874,29477659,3616,3219,3766,7,1830,4.0673840000000006,19076045,1520,4,1,0
core_ch,12547874,29477659,6620,5278,6804,7,4205,255.439535,21625494,1720,6,1,0
core_ch_chpot,12547874,29477659,6620,5278,6804,7,4205,4.723719,21625494,1720,6,1,0
core_ch,12547874,29477659,3196,2876,3335,5,1851,317.62435999999997,23106581,1840,4,1,0
core_ch_chpot,12547874,29477659,3196,2876,3335,5,1851,3.124408,23106581,1840,4,1,0
core_ch,12547874,29477659,1322,1124,1327,1,1124,143.385961,11556272,1119,0,0,0
core_ch_chpot,12547874,29477659,1322,1124,1327,1,1124,3.099819,11556272,1119,0,0,0
core_ch,12547874,29477659,479,307,479,0,307,6.299288,4186307,307,0,0,0
core_ch_chpot,12547874,29477659,479,307,479,0,307,1.546516,4186307,307,0,0,0
core_ch,12547874,29477659,970,801,971,0,801,72.331511,11506242,801,0,0,0
core_ch_chpot,12547874,29477659,970,801,971,0,801,2.576288,11506242,801,0,0,0
core_ch,12547874,29477659,802,640,809,1,640,36.309487000000004,6159340,640,0,0,0
core_ch_chpot,12547874,29477659,802,640,809,1,640,3.444556,6159340,640,0,0,0
core_ch,12547874,29477659,1316,1130,1319,0,1130,119.287434,12228386,1130,0,0,0
core_ch_chpot,12547874,29477659,1316,1130,1319,0,1130,2.1430339999999997,12228386,1130,0,0,0
core_ch,12547874,29477659,576,460,578,1,460,30.077671,4160009,460,0,0,0
core_ch_chpot,12547874,29477659,576,460,578,1,460,2.0876699999999997,4160009,460,0,0,0
core_ch,12547874,29477659,638,544,649,4,544,31.627408000000003,5158520,544,0,0,0
core_ch_chpot,12547874,29477659,638,544,649,4,544,1.69402,5158520,544,0,0,0
core_ch,12547874,29477659,1602,1347,1611,1,1347,161.085837,14406073,1347,0,0,0
core_ch_chpot,12547874,29477659,1602,1347,1611,1,1347,3.676275,14406073,1347,0,0,0
core_ch,12547874,29477659,3649,2981,3702,4,2827,322.882051,24540330,2044,2,1,0
core_ch_chpot,12547874,29477659,3649,2981,3702,4,2827,4.482041,24540330,2044,2,1,0
core_ch,12547874,29477659,1652,1364,1736,1,1364,154.488168,14641845,1364,0,0,0
core_ch_chpot,12547874,29477659,1652,1364,1736,1,1364,3.155785,14641845,1364,0,0,0
core_ch,12547874,29477659,1,1,0,0,1,92.766678,NaN,NaN,NaN,NaN,NaN
core_ch_chpot,12547874,29477659,1,1,0,0,1,0.627864,NaN,NaN,NaN,NaN,NaN
core_ch,12547874,29477659,853,649,858,0,649,6.83047,6486274,649,0,0,0
core_ch_chpot,12547874,29477659,853,649,858,0,649,0.862884,6486274,649,0,0,0
core_ch,12547874,29477659,1501,1153,1513,0,1153,107.501814,10364380,1153,0,0,0
core_ch_chpot,12547874,29477659,1501,1153,1513,0,1153,3.297497,10364380,1153,0,0,0
core_ch,12547874,29477659,1339,999,1355,0,999,50.458595,7791351,999,0,0,0
core_ch_chpot,12547874,29477659,1339,999,1355,0,999,1.60385,7791351,999,0,0,0
core_ch,12547874,29477659,1608,1255,1648,3,1255,96.025324,12588867,1255,0,0,0
core_ch_chpot,12547874,29477659,1608,1255,1648,3,1255,2.629261,12588867,1255,0,0,0
core_ch,12547874,29477659,12311,10134,12785,3,9183,268.31993,23165799,1872,1,1,0
core_ch_chpot,12547874,29477659,12311,10134,12785,3,9183,5.719254,23165799,1872,1,1,0
core_ch,12547874,29477659,1367,988,1377,0,988,48.517665,9782221,988,0,0,0
core_ch_chpot,12547874,29477659,1367,988,1377,0,988,2.067499,9782221,988,0,0,0
core_ch,12547874,29477659,1417,1180,1422,2,1180,137.64469300000002,11419364,1168,0,0,0
core_ch_chpot,12547874,29477659,1417,1180,1422,2,1180,4.067203,11419364,1168,0,0,0
core_ch,12547874,29477659,1395,1162,1403,0,1162,103.472521,12735850,1162,0,0,0
core_ch_chpot,12547874,29477659,1395,1162,1403,0,1162,2.9082,12735850,1162,0,0,0
core_ch,12547874,29477659,2026,1585,2039,1,1585,165.46917,14380161,1585,0,0,0
core_ch_chpot,12547874,29477659,2026,1585,2039,1,1585,3.831942,14380161,1585,0,0,0
core_ch,12547874,29477659,1707,1255,1733,1,1255,113.243927,11255943,1255,0,0,0
core_ch_chpot,12547874,29477659,1707,1255,1733,1,1255,2.764649,11255943,1255,0,0,0
core_ch,12547874,29477659,1153,903,1162,0,903,64.859269,8816845,903,0,0,0
core_ch_chpot,12547874,29477659,1153,903,1162,0,903,2.511163,8816845,903,0,0,0
core_ch,12547874,29477659,4463,3747,4525,4,3402,428.456662,30628848,2388,1,1,0
core_ch_chpot,12547874,29477659,4463,3747,4525,4,3402,6.025761,30628848,2388,1,1,0
core_ch,12547874,29477659,982,819,987,1,819,87.758182,8305575,819,0,0,0
core_ch_chpot,12547874,29477659,982,819,987,1,819,3.786677,8305575,819,0,0,0
core_ch,12547874,29477659,2282,1640,2304,0,1640,140.166536,15779238,1640,0,0,0
core_ch_chpot,12547874,29477659,2282,1640,2304,0,1640,2.243586,15779238,1640,0,0,0
core_ch,12547874,29477659,451,306,454,0,306,10.271645,2979082,306,0,0,0
core_ch_chpot,12547874,29477659,451,306,454,0,306,1.4620410000000001,2979082,306,0,0,0
core_ch,12547874,29477659,6662,5255,6993,2,4157,245.72127899999998,20823920,1828,1,1,0
core_ch_chpot,12547874,29477659,6662,5255,6993,2,4157,6.071737,20823920,1828,1,1,0
core_ch,12547874,29477659,1,1,0,0,1,82.413492,NaN,NaN,NaN,NaN,NaN
core_ch_chpot,12547874,29477659,1,1,0,0,1,0.49148,NaN,NaN,NaN,NaN,NaN
core_ch,12547874,29477659,1196,912,1216,1,912,66.821654,8795295,912,0,0,0
core_ch_chpot,12547874,29477659,1196,912,1216,1,912,2.031921,8795295,912,0,0,0
core_ch,12547874,29477659,3753,3306,3838,2,2426,223.82322499999998,19218958,1384,1,1,0
core_ch_chpot,12547874,29477659,3753,3306,3838,2,2426,7.178116,19218958,1384,1,1,0
core_ch,12547874,29477659,1,1,0,0,1,95.992588,NaN,NaN,NaN,NaN,NaN
core_ch_chpot,12547874,29477659,1,1,0,0,1,0.362217,NaN,NaN,NaN,NaN,NaN
core_ch,12547874,29477659,1274,917,1294,3,917,74.83506299999999,8231387,917,0,0,0
core_ch_chpot,12547874,29477659,1274,917,1294,3,917,2.766305,8231387,917,0,0,0
core_ch,12547874,29477659,4407,3802,4524,13,2713,297.03018399999996,22187659,1878,3,1,0
core_ch_chpot,12547874,29477659,4407,3802,4524,13,2713,5.489837,22187659,1878,3,1,0
core_ch,12547874,29477659,2103,1802,2128,9,1802,261.12850199999997,22035388,1795,3,1,0
core_ch_chpot,12547874,29477659,2103,1802,2128,9,1802,3.219728,22035388,1795,3,1,0
core_ch,12547874,29477659,6244,5257,6417,18,4614,340.58984,23297270,1923,6,1,0
core_ch_chpot,12547874,29477659,6244,5257,6417,18,4614,4.924583,23297270,1923,6,1,0
core_ch,12547874,29477659,1526,1357,1528,1,1357,157.10417800000002,12409257,1357,0,0,0
core_ch_chpot,12547874,29477659,1526,1357,1528,1,1357,3.311156,12409257,1357,0,0,0
core_ch,12547874,29477659,948,783,952,0,783,52.615987000000004,7579645,783,0,0,0
core_ch_chpot,12547874,29477659,948,783,952,0,783,2.3995879999999996,7579645,783,0,0,0
core_ch,12547874,29477659,5681,4470,5826,5,4224,369.496628,28409829,2558,2,1,0
core_ch_chpot,12547874,29477659,5681,4470,5826,5,4224,4.8390450000000005,28409829,2558,2,1,0
core_ch,12547874,29477659,2052,1583,2065,0,1583,151.01957399999998,15939791,1583,0,0,0
core_ch_chpot,12547874,29477659,2052,1583,2065,0,1583,2.086386,15939791,1583,0,0,0
core_ch,12547874,29477659,1504,1270,1507,1,1270,169.49060799999998,13559542,1270,0,0,0
core_ch_chpot,12547874,29477659,1504,1270,1507,1,1270,3.134594,13559542,1270,0,0,0
core_ch,12547874,29477659,5117,3890,5243,6,3798,226.446076,23092983,1745,6,1,0
core_ch_chpot,12547874,29477659,5117,3890,5243,6,3798,2.805341,23092983,1745,6,1,0
core_ch,12547874,29477659,1458,1198,1485,1,1198,135.62760200000002,12895267,1198,0,0,0
core_ch_chpot,12547874,29477659,1458,1198,1485,1,1198,2.729184,12895267,1198,0,0,0
core_ch,12547874,29477659,1252,976,1271,1,976,84.13605100000001,10061063,976,0,0,0
core_ch_chpot,12547874,29477659,1252,976,1271,1,976,2.005798,10061063,976,0,0,0
core_ch,12547874,29477659,993,836,1002,3,836,86.171156,8287470,836,0,0,0
core_ch_chpot,12547874,29477659,993,836,1002,3,836,3.594788,8287470,836,0,0,0
core_ch,12547874,29477659,2130,1462,2156,0,1462,147.026135,12759524,1462,0,0,0
core_ch_chpot,12547874,29477659,2130,1462,2156,0,1462,3.171033,12759524,1462,0,0,0
core_ch,12547874,29477659,1238,1060,1243,1,1060,101.202436,13204004,1060,0,0,0
core_ch_chpot,12547874,29477659,1238,1060,1243,1,1060,2.551417,13204004,1060,0,0,0
core_ch,12547874,29477659,1,1,0,0,1,68.418939,NaN,NaN,NaN,NaN,NaN
core_ch_chpot,12547874,29477659,1,1,0,0,1,0.720204,NaN,NaN,NaN,NaN,NaN
core_ch,12547874,29477659,708,523,709,0,523,35.907186,8567020,523,0,0,0
core_ch_chpot,12547874,29477659,708,523,709,0,523,1.006646,8567020,523,0,0,0
core_ch,12547874,29477659,2199,1594,2210,0,1594,153.191926,14151945,1594,0,0,0
core_ch_chpot,12547874,29477659,2199,1594,2210,0,1594,2.609029,14151945,1594,0,0,0
core_ch,12547874,29477659,1092,830,1102,2,830,72.497921,7907979,830,0,0,0
core_ch_chpot,12547874,29477659,1092,830,1102,2,830,1.422349,7907979,830,0,0,0
core_ch,12547874,29477659,1318,1116,1321,0,1116,122.35170600000001,13455870,1115,0,0,0
core_ch_chpot,12547874,29477659,1318,1116,1321,0,1116,2.400429,13455870,1115,0,0,0
core_ch,12547874,29477659,8254,6788,8455,2,5354,227.18506599999998,19224969,1965,1,1,0
core_ch_chpot,12547874,29477659,8254,6788,8455,2,5354,6.594233,19224969,1965,1,1,0
core_ch,12547874,29477659,7792,6244,8074,6,5532,352.225252,23432400,1899,2,1,0
core_ch_chpot,12547874,29477659,7792,6244,8074,6,5532,4.210096,23432400,1899,2,1,0
core_ch,12547874,29477659,823,570,831,0,570,28.521500000000003,4361255,570,0,0,0
core_ch_chpot,12547874,29477659,823,570,831,0,570,3.072567,4361255,570,0,0,0
core_ch,12547874,29477659,1669,1373,1687,4,1373,152.34209800000002,12463016,1367,0,0,0
core_ch_chpot,12547874,29477659,1669,1373,1687,4,1373,2.658972,12463016,1367,0,0,0
core_ch,12547874,29477659,1542,1364,1543,0,1364,139.97886200000002,15633462,1364,0,0,0
core_ch_chpot,12547874,29477659,1542,1364,1543,0,1364,2.242286,15633462,1364,0,0,0
core_ch,12547874,29477659,3759,3289,3815,1,2437,255.37770700000002,20405845,1534,1,1,0
core_ch_chpot,12547874,29477659,3759,3289,3815,1,2437,4.812651000000001,20405845,1534,1,1,0
core_ch,12547874,29477659,1510,1111,1535,7,1111,106.340931,8844023,1104,0,0,0
core_ch_chpot,12547874,29477659,1510,1111,1535,7,1111,2.246387,8844023,1104,0,0,0
core_ch,12547874,29477659,2026,1693,2037,2,1693,184.200197,15265531,1693,0,0,0
core_ch_chpot,12547874,29477659,2026,1693,2037,2,1693,3.3643739999999998,15265531,1693,0,0,0
core_ch,12547874,29477659,1248,942,1252,1,942,43.811037999999996,8083379,942,0,0,0
core_ch_chpot,12547874,29477659,1248,942,1252,1,942,3.170334,8083379,942,0,0,0
core_ch,12547874,29477659,3846,3332,3951,25,2908,359.616518,24481601,1930,2,1,0
core_ch_chpot,12547874,29477659,3846,3332,3951,25,2908,5.4563440000000005,24481601,1930,2,1,0
core_ch,12547874,29477659,1922,1463,1939,0,1463,132.12744800000002,12730372,1463,0,0,0
core_ch_chpot,12547874,29477659,1922,1463,1939,0,1463,2.032426,12730372,1463,0,0,0
core_ch,12547874,29477659,859,540,873,0,540,13.864791,4658517,540,0,0,0
core_ch_chpot,12547874,29477659,859,540,873,0,540,0.688404,4658517,540,0,0,0
core_ch,12547874,29477659,1711,1343,1723,1,1343,170.200964,14349384,1343,0,0,0
core_ch_chpot,12547874,29477659,1711,1343,1723,1,1343,4.336494,14349384,1343,0,0,0
core_ch,12547874,29477659,1826,1466,1913,3,1466,188.301355,15594589,1466,0,0,0
core_ch_chpot,12547874,29477659,1826,1466,1913,3,1466,3.498108,15594589,1466,0,0,0
core_ch,12547874,29477659,2039,1631,2054,1,1631,151.02205099999998,15643161,1617,0,0,0
core_ch_chpot,12547874,29477659,2039,1631,2054,1,1631,2.472906,15643161,1617,0,0,0
core_ch,12547874,29477659,1,1,0,0,1,100.017326,NaN,NaN,NaN,NaN,NaN
core_ch_chpot,12547874,29477659,1,1,0,0,1,0.381063,NaN,NaN,NaN,NaN,NaN
core_ch,12547874,29477659,1448,1093,1461,1,1093,100.254851,11327617,1093,0,0,0
core_ch_chpot,12547874,29477659,1448,1093,1461,1,1093,1.8922970000000001,11327617,1093,0,0,0
core_ch,12547874,29477659,1405,1217,1410,3,1217,183.625543,14799763,1217,0,0,0
core_ch_chpot,12547874,29477659,1405,1217,1410,3,1217,4.064178,14799763,1217,0,0,0
core_ch,12547874,29477659,2481,2004,2513,11,2004,241.542672,20312789,2004,3,1,0
core_ch_chpot,12547874,29477659,2481,2004,2513,11,2004,3.874308,20312789,2004,3,1,0
core_ch,12547874,29477659,7033,6038,7310,4,5343,341.234266,24030579,1784,1,1,0
core_ch_chpot,12547874,29477659,7033,6038,7310,4,5343,6.154065999999999,24030579,1784,1,1,0
core_ch,12547874,29477659,1200,1028,1222,10,1028,106.040124,10063778,1028,0,0,0
core_ch_chpot,12547874,29477659,1200,1028,1222,10,1028,2.8097399999999997,10063778,1028,0,0,0
core_ch,12547874,29477659,1105,909,1107,0,909,71.211155,10815108,909,0,0,0
core_ch_chpot,12547874,29477659,1105,909,1107,0,909,2.1286389999999997,10815108,909,0,0,0
core_ch,12547874,29477659,1,1,0,0,1,64.762253,NaN,NaN,NaN,NaN,NaN
core_ch_chpot,12547874,29477659,1,1,0,0,1,0.356641,NaN,NaN,NaN,NaN,NaN
core_ch,12547874,29477659,1579,1282,1591,2,1282,177.09915800000002,13836366,1282,0,0,0
core_ch_chpot,12547874,29477659,1579,1282,1591,2,1282,4.088227,13836366,1282,0,0,0
core_ch,12547874,29477659,1168,870,1184,3,870,72.460092,7397166,870,0,0,0
core_ch_chpot,12547874,29477659,1168,870,1184,3,870,4.373307,7397166,870,0,0,0
core_ch,12547874,29477659,7618,6131,7892,23,4625,223.844144,19898303,1897,7,1,0
core_ch_chpot,12547874,29477659,7618,6131,7892,23,4625,3.4659259999999996,19898303,1897,7,1,0
core_ch,12547874,29477659,1397,1122,1404,0,1122,128.561224,12507249,1122,0,0,0
core_ch_chpot,12547874,29477659,1397,1122,1404,0,1122,2.802204,12507249,1122,0,0,0
core_ch,12547874,29477659,1753,1486,1770,7,1486,162.542827,13536790,1486,0,0,0
core_ch_chpot,12547874,29477659,1753,1486,1770,7,1486,2.290241,13536790,1486,0,0,0
core_ch,12547874,29477659,1374,1002,1392,2,1002,101.566708,8846104,1002,0,0,0
core_ch_chpot,12547874,29477659,1374,1002,1392,2,1002,1.740789,8846104,1002,0,0,0
core_ch,12547874,29477659,2273,1724,2297,0,1724,165.778989,14324843,1724,0,0,0
core_ch_chpot,12547874,29477659,2273,1724,2297,0,1724,2.972465,14324843,1724,0,0,0
core_ch,12547874,29477659,498,335,499,0,335,4.367127,2464790,335,0,0,0
core_ch_chpot,12547874,29477659,498,335,499,0,335,0.866673,2464790,335,0,0,0
core_ch,12547874,29477659,994,761,999,0,761,50.955113000000004,7704065,761,0,0,0
core_ch_chpot,12547874,29477659,994,761,999,0,761,2.529432,7704065,761,0,0,0
core_ch,12547874,29477659,813,641,814,0,641,45.242562,6644511,641,0,0,0
core_ch_chpot,12547874,29477659,813,641,814,0,641,2.475123,6644511,641,0,0,0
core_ch,12547874,29477659,8677,6991,8951,4,6205,355.558086,24963021,2056,2,1,0
core_ch_chpot,12547874,29477659,8677,6991,8951,4,6205,4.647841,24963021,2056,2,1,0
