algo,graph_num_nodes,graph_num_edges,num_queue_pushes,num_settled,num_labels_propagated,num_labels_reset,num_nodes_searched,time_ms,path_distance,path_number_nodes,path_number_flagged_nodes,path_number_pauses
dijkstra,12547874,29477659,25118959,29800676,32170507,5402,9123535,35812.105918999994,14496197,1454,0,0
astar_chpot,12547874,29477659,1792,1454,1875,1,1454,18.654999,14496197,1454,0,0
dijkstra_bidir,12547874,29477659,25118959,29800676,32170507,5402,9123535,58323.509564,14496197,1454,0,0
astar_bidir_chpot,12547874,29477659,1792,1454,1875,1,1454,35.948542,14496197,1454,0,0
core_ch,12547874,29477659,1792,1454,1875,1,1454,4.101294,14496197,1454,0,0
core_ch_chpot,12547874,29477659,1792,1454,1875,1,1454,22.671599,14496197,1454,0,0
dijkstra,12547874,29477659,29458738,35590224,38613920,5519,8610011,48327.496207000004,13668834,1331,0,0
astar_chpot,12547874,29477659,1557,1331,1561,2,1331,3.30607,13668834,1331,0,0
dijkstra_bidir,12547874,29477659,29458738,35590224,38613920,5519,8610011,56111.573095,13668834,1331,0,0
astar_bidir_chpot,12547874,29477659,1557,1331,1561,2,1331,4.650867000000001,13668834,1331,0,0
core_ch,12547874,29477659,1557,1331,1561,2,1331,4.5754209999999995,13668834,1331,0,0
core_ch_chpot,12547874,29477659,1557,1331,1561,2,1331,5.704278,13668834,1331,0,0
dijkstra,12547874,29477659,48990919,59709280,64269831,9355,11110674,81798.37743000001,20793825,1619,2,1
astar_chpot,12547874,29477659,3747,3257,3972,7,2384,3.6374649999999997,20793825,1619,2,1
dijkstra_bidir,12547874,29477659,48990919,59709280,64269831,9355,11110674,87714.34553100001,20793825,1619,2,1
astar_bidir_chpot,12547874,29477659,3747,3257,3972,7,2384,8.818179,20793825,1619,2,1
core_ch,12547874,29477659,3747,3257,3972,7,2384,4.942251,NaN,NaN,NaN,NaN
core_ch_chpot,12547874,29477659,3747,3257,3972,7,2384,12.014294,NaN,NaN,NaN,NaN
dijkstra,12547874,29477659,7070867,7443104,8083278,959,3023001,8445.158616,9084959,929,0,0
astar_chpot,12547874,29477659,1236,929,1269,1,929,2.1748439999999998,9084959,929,0,0
dijkstra_bidir,12547874,29477659,7070867,7443104,8083278,959,3023001,24191.355367,9084959,929,0,0
astar_bidir_chpot,12547874,29477659,1236,929,1269,1,929,2.0335520000000002,9084959,929,0,0
core_ch,12547874,29477659,1236,929,1269,1,929,2.7498810000000002,9084959,929,0,0
core_ch_chpot,12547874,29477659,1236,929,1269,1,929,1.938113,9084959,929,0,0
dijkstra,12547874,29477659,25512621,29878239,32458790,5147,9271377,40571.907794,13004072,1535,0,0
astar_chpot,12547874,29477659,1965,1535,1973,0,1535,2.686207,13004072,1535,0,0
dijkstra_bidir,12547874,29477659,25512621,29878239,32458790,5147,9271377,65955.951531,13004072,1535,0,0
astar_bidir_chpot,12547874,29477659,1965,1535,1973,0,1535,4.059073,13004072,1535,0,0
core_ch,12547874,29477659,1965,1535,1973,0,1535,4.254854,13004072,1535,0,0
core_ch_chpot,12547874,29477659,1965,1535,1973,0,1535,5.133093,13004072,1535,0,0
dijkstra,12547874,29477659,2377241,2362995,2575672,455,1901791,2172.419727,5929654,657,0,0
astar_chpot,12547874,29477659,850,657,856,0,657,2.143801,5929654,657,0,0
dijkstra_bidir,12547874,29477659,2377241,2362995,2575672,455,1901791,4437.010828,5929654,657,0,0
astar_bidir_chpot,12547874,29477659,850,657,856,0,657,3.2201809999999997,5929654,657,0,0
core_ch,12547874,29477659,850,657,856,0,657,2.2368230000000002,5929654,657,0,0
core_ch_chpot,12547874,29477659,850,657,856,0,657,3.609299,5929654,657,0,0
dijkstra,12547874,29477659,10178340,10912586,11856892,2743,5271299,12496.697684,10421960,1174,0,0
astar_chpot,12547874,29477659,1599,1174,1606,0,1174,2.329209,10421960,1174,0,0
dijkstra_bidir,12547874,29477659,10178340,10912586,11856892,2743,5271299,36788.310866,10421960,1174,0,0
astar_bidir_chpot,12547874,29477659,1599,1174,1606,0,1174,3.0000959999999997,10421960,1174,0,0
core_ch,12547874,29477659,1599,1174,1606,0,1174,3.652218,10421960,1174,0,0
core_ch_chpot,12547874,29477659,1599,1174,1606,0,1174,3.697984,10421960,1174,0,0
dijkstra,12547874,29477659,13966896,18954134,20451581,3079,4756275,21926.070543,15782412,1426,0,0
astar_chpot,12547874,29477659,1822,1426,1831,0,1426,2.3202629999999997,15782412,1426,0,0
dijkstra_bidir,12547874,29477659,13966896,18954134,20451581,3079,4756275,70246.014854,15782412,1426,0,0
astar_bidir_chpot,12547874,29477659,1822,1426,1831,0,1426,2.546489,15782412,1426,0,0
core_ch,12547874,29477659,1822,1426,1831,0,1426,3.7472600000000003,15782412,1426,0,0
core_ch_chpot,12547874,29477659,1822,1426,1831,0,1426,2.199828,15782412,1426,0,0
dijkstra,12547874,29477659,7460647,7797274,8373032,1450,3337978,8581.673229,7692186,932,0,0
astar_chpot,12547874,29477659,1279,932,1284,2,932,1.455196,7692186,932,0,0
dijkstra_bidir,12547874,29477659,7460647,7797274,8373032,1450,3337978,16702.077148,7692186,932,0,0
astar_bidir_chpot,12547874,29477659,1279,932,1284,2,932,2.230228,7692186,932,0,0
core_ch,12547874,29477659,1279,932,1284,2,932,2.964726,7692186,932,0,0
core_ch_chpot,12547874,29477659,1279,932,1284,2,932,4.463258000000001,7692186,932,0,0
dijkstra,12547874,29477659,51150494,62681918,67432467,9870,11748130,85425.479642,22265321,1850,1,1
astar_chpot,12547874,29477659,2987,2483,3026,4,2288,2.463527,22265321,1850,1,1
dijkstra_bidir,12547874,29477659,51150494,62681918,67432467,9870,11748130,89836.281172,22265321,1850,1,1
astar_bidir_chpot,12547874,29477659,2987,2483,3026,4,2288,7.023591,22265321,1850,1,1
core_ch,12547874,29477659,2987,2483,3026,4,2288,3.881707,NaN,NaN,NaN,NaN
core_ch_chpot,12547874,29477659,2987,2483,3026,4,2288,10.31865,NaN,NaN,NaN,NaN
dijkstra,12547874,29477659,30201903,40281262,43222033,5877,7354938,52282.844642000004,21536555,1837,2,1
astar_chpot,12547874,29477659,4020,3402,4088,2,3264,4.071176,21536555,1837,2,1
dijkstra_bidir,12547874,29477659,30201903,40281262,43222033,5877,7354938,105926.64618400001,21536555,1837,2,1
astar_bidir_chpot,12547874,29477659,4020,3402,4088,2,3264,7.797619,21536555,1837,2,1
core_ch,12547874,29477659,4020,3402,4088,2,3264,3.472667,NaN,NaN,NaN,NaN
core_ch_chpot,12547874,29477659,4020,3402,4088,2,3264,8.953509,NaN,NaN,NaN,NaN
dijkstra,12547874,29477659,28657398,34696890,37640644,5590,8649636,48733.758558,12141092,1051,0,0
astar_chpot,12547874,29477659,1296,1051,1302,0,1051,1.984539,12141092,1051,0,0
dijkstra_bidir,12547874,29477659,28657398,34696890,37640644,5590,8649636,59198.997586,12141092,1051,0,0
astar_bidir_chpot,12547874,29477659,1296,1051,1302,0,1051,2.8084249999999997,12141092,1051,0,0
core_ch,12547874,29477659,1296,1051,1302,0,1051,3.491577,12141092,1051,0,0
core_ch_chpot,12547874,29477659,1296,1051,1302,0,1051,3.8549700000000002,12141092,1051,0,0
dijkstra,12547874,29477659,10168509,11041665,12111984,2553,5038019,14051.864829,9278623,968,0,0
astar_chpot,12547874,29477659,1268,968,1276,0,968,1.8919460000000001,9278623,968,0,0
dijkstra_bidir,12547874,29477659,10168509,11041665,12111984,2553,5038019,24198.040728,9278623,968,0,0
astar_bidir_chpot,12547874,29477659,1268,968,1276,0,968,2.4759729999999998,9278623,968,0,0
core_ch,12547874,29477659,1268,968,1276,0,968,3.492144,9278623,968,0,0
core_ch_chpot,12547874,29477659,1268,968,1276,0,968,2.5526720000000003,9278623,968,0,0
dijkstra,12547874,29477659,26274710,31444700,34138628,5336,8245937,43863.671618,12183844,1283,0,0
astar_chpot,12547874,29477659,1488,1283,1490,0,1283,1.8409,12183844,1283,0,0
dijkstra_bidir,12547874,29477659,26274710,31444700,34138628,5336,8245937,63768.658636,12183844,1283,0,0
astar_bidir_chpot,12547874,29477659,1488,1283,1490,0,1283,2.990957,12183844,1283,0,0
core_ch,12547874,29477659,1488,1283,1490,0,1283,4.660995000000001,12183844,1283,0,0
core_ch_chpot,12547874,29477659,1488,1283,1490,0,1283,5.087638999999999,12183844,1283,0,0
dijkstra,12547874,29477659,11023712,11814685,12795047,1564,3923822,14321.499443,12256399,1214,0,0
astar_chpot,12547874,29477659,1522,1214,1553,2,1214,1.608449,12256399,1214,0,0
dijkstra_bidir,12547874,29477659,11023712,11814685,12795047,1564,3923822,58830.67823,12256399,1214,0,0
astar_bidir_chpot,12547874,29477659,1522,1214,1553,2,1214,2.03735,12256399,1214,0,0
core_ch,12547874,29477659,1522,1214,1553,2,1214,2.918291,12256399,1214,0,0
core_ch_chpot,12547874,29477659,1522,1214,1553,2,1214,1.541046,12256399,1214,0,0
dijkstra,12547874,29477659,39953134,48905525,52708353,7896,9300454,66568.87630999999,19455846,1574,1,1
astar_chpot,12547874,29477659,2508,2156,2538,1,1984,2.485896,19455846,1574,1,1
dijkstra_bidir,12547874,29477659,39953134,48905525,52708353,7896,9300454,92257.085486,19455846,1574,1,1
astar_bidir_chpot,12547874,29477659,2508,2156,2538,1,1984,5.1046,19455846,1574,1,1
core_ch,12547874,29477659,2508,2156,2538,1,1984,10.116601,20332450,1574,1,1
core_ch_chpot,12547874,29477659,2508,2156,2538,1,1984,3.884011,20332450,1574,1,1
dijkstra,12547874,29477659,42485765,55427030,59880374,10987,10060719,75910.232341,23779474,2106,1,1
astar_chpot,12547874,29477659,9827,7713,10063,1,6677,9.960922,23779474,2106,1,1
dijkstra_bidir,12547874,29477659,42485765,55427030,59880374,10987,10060719,95018.46811100001,23779474,2106,1,1
astar_bidir_chpot,12547874,29477659,9827,7713,10063,1,6677,16.454007,23779474,2106,1,1
core_ch,12547874,29477659,9827,7713,10063,1,6677,4.207279000000001,NaN,NaN,NaN,NaN
core_ch_chpot,12547874,29477659,9827,7713,10063,1,6677,9.950698,NaN,NaN,NaN,NaN
dijkstra,12547874,29477659,14318517,16495765,18076683,3465,5456531,22154.292483999998,9245285,904,3,0
astar_chpot,12547874,29477659,1085,904,1096,9,904,1.3653140000000001,9245285,904,3,0
dijkstra_bidir,12547874,29477659,14318517,16495765,18076683,3465,5456531,36827.422572,9245285,904,3,0
astar_bidir_chpot,12547874,29477659,1085,904,1096,9,904,1.881824,9245285,904,3,0
core_ch,12547874,29477659,1085,904,1096,9,904,3.5418789999999998,9245617,904,3,0
core_ch_chpot,12547874,29477659,1085,904,1096,9,904,1.581652,9245617,904,3,0
dijkstra,12547874,29477659,907996,902603,966895,638,744732,605.99675,6341362,640,0,0
astar_chpot,12547874,29477659,963,640,977,0,640,1.658969,6341362,640,0,0
dijkstra_bidir,12547874,29477659,907996,902603,966895,638,744732,1191.347031,6341362,640,0,0
astar_bidir_chpot,12547874,29477659,963,640,977,0,640,2.4073219999999997,6341362,640,0,0
core_ch,12547874,29477659,963,640,977,0,640,1.538066,6341362,640,0,0
core_ch_chpot,12547874,29477659,963,640,977,0,640,2.958215,6341362,640,0,0
dijkstra,12547874,29477659,393637,384505,425969,229,384505,270.208937,3192786,278,0,0
astar_chpot,12547874,29477659,382,278,387,0,278,0.774031,3192786,278,0,0
dijkstra_bidir,12547874,29477659,393637,384505,425969,229,384505,754.695191,3192786,278,0,0
astar_bidir_chpot,12547874,29477659,382,278,387,0,278,1.4832940000000001,3192786,278,0,0
core_ch,12547874,29477659,382,278,387,0,278,1.583096,3192786,278,0,0
core_ch_chpot,12547874,29477659,382,278,387,0,278,1.9846719999999998,3192786,278,0,0
dijkstra,12547874,29477659,9447,8966,10091,33,8966,4.068200999999999,1344567,158,0,0
astar_chpot,12547874,29477659,260,158,263,0,158,0.600507,1344567,158,0,0
dijkstra_bidir,12547874,29477659,9447,8966,10091,33,8966,7.671702,1344567,158,0,0
astar_bidir_chpot,12547874,29477659,260,158,263,0,158,0.9689949999999999,1344567,158,0,0
core_ch,12547874,29477659,260,158,263,0,158,0.186698,1344567,158,0,0
core_ch_chpot,12547874,29477659,260,158,263,0,158,0.8362489999999999,1344567,158,0,0
dijkstra,12547874,29477659,76221,75417,82889,42,75417,44.550529,2211064,249,0,0
astar_chpot,12547874,29477659,379,249,387,0,249,1.164384,2211064,249,0,0
dijkstra_bidir,12547874,29477659,76221,75417,82889,42,75417,99.790339,2211064,249,0,0
astar_bidir_chpot,12547874,29477659,379,249,387,0,249,1.186557,2211064,249,0,0
core_ch,12547874,29477659,379,249,387,0,249,0.42596399999999995,2211064,249,0,0
core_ch_chpot,12547874,29477659,379,249,387,0,249,1.336315,2211064,249,0,0
dijkstra,12547874,29477659,24462664,28066413,30429211,4693,7383542,36817.222976,16062429,1675,3,0
astar_chpot,12547874,29477659,2117,1675,2164,10,1675,2.137337,16062429,1675,3,0
dijkstra_bidir,12547874,29477659,24462664,28066413,30429211,4693,7383542,65261.314844,16062429,1675,3,0
astar_bidir_chpot,12547874,29477659,2117,1675,2164,10,1675,2.842667,16062429,1675,3,0
core_ch,12547874,29477659,2117,1675,2164,10,1675,3.453007,16062761,1675,3,0
core_ch_chpot,12547874,29477659,2117,1675,2164,10,1675,2.1617059999999997,16062761,1675,3,0
dijkstra,12547874,29477659,17274238,19466648,20878088,3517,5333099,23504.692629,14934253,1362,0,0
astar_chpot,12547874,29477659,1637,1362,1639,0,1362,1.7317669999999998,14934253,1362,0,0
dijkstra_bidir,12547874,29477659,17274238,19466648,20878088,3517,5333099,59246.699047,14934253,1362,0,0
astar_bidir_chpot,12547874,29477659,1637,1362,1639,0,1362,2.621486,14934253,1362,0,0
core_ch,12547874,29477659,1637,1362,1639,0,1362,2.720263,14934253,1362,0,0
core_ch_chpot,12547874,29477659,1637,1362,1639,0,1362,2.677523,14934253,1362,0,0
dijkstra,12547874,29477659,51317937,64350061,69260980,9304,11140692,91218.85234,20863490,1710,2,1
astar_chpot,12547874,29477659,4947,4208,5166,4,3062,4.120265,20863490,1710,2,1
dijkstra_bidir,12547874,29477659,51317937,64350061,69260980,9304,11140692,107943.871378,20863490,1710,2,1
astar_bidir_chpot,12547874,29477659,4947,4208,5166,4,3062,7.999223,20863490,1710,2,1
core_ch,12547874,29477659,4947,4208,5166,4,3062,4.272222,NaN,NaN,NaN,NaN
core_ch_chpot,12547874,29477659,4947,4208,5166,4,3062,10.593791999999999,NaN,NaN,NaN,NaN
dijkstra,12547874,29477659,4935342,5070661,5561275,1095,3094961,5630.440465,7454492,791,0,0
astar_chpot,12547874,29477659,1024,791,1030,0,791,1.6844270000000001,7454492,791,0,0
dijkstra_bidir,12547874,29477659,4935342,5070661,5561275,1095,3094961,10161.051453,7454492,791,0,0
astar_bidir_chpot,12547874,29477659,1024,791,1030,0,791,2.690896,7454492,791,0,0
core_ch,12547874,29477659,1024,791,1030,0,791,1.94381,7454492,791,0,0
core_ch_chpot,12547874,29477659,1024,791,1030,0,791,1.826276,7454492,791,0,0
dijkstra,12547874,29477659,5915762,6401899,7049641,1744,2896537,7645.987463,6294703,614,3,0
astar_chpot,12547874,29477659,755,620,763,7,620,1.5834300000000001,6294703,614,3,0
dijkstra_bidir,12547874,29477659,5915762,6401899,7049641,1744,2896537,11845.793515000001,6294703,614,3,0
astar_bidir_chpot,12547874,29477659,755,620,763,7,620,2.21181,6294703,614,3,0
core_ch,12547874,29477659,755,620,763,7,620,3.169165,6295035,614,3,0
core_ch_chpot,12547874,29477659,755,620,763,7,620,2.8717819999999996,6295035,614,3,0
dijkstra,12547874,29477659,1216197,1211181,1290417,394,1192089,912.779547,3637002,457,0,0
astar_chpot,12547874,29477659,629,457,635,0,457,0.788647,3637002,457,0,0
dijkstra_bidir,12547874,29477659,1216197,1211181,1290417,394,1192089,1108.389574,3637002,457,0,0
astar_bidir_chpot,12547874,29477659,629,457,635,0,457,1.156021,3637002,457,0,0
core_ch,12547874,29477659,629,457,635,0,457,1.025278,3637002,457,0,0
core_ch_chpot,12547874,29477659,629,457,635,0,457,1.058271,3637002,457,0,0
dijkstra,12547874,29477659,24676676,29244094,31374828,4999,6882478,37955.60162,15105597,1458,0,0
astar_chpot,12547874,29477659,1794,1458,1804,0,1458,1.976136,15105597,1458,0,0
dijkstra_bidir,12547874,29477659,24676676,29244094,31374828,4999,6882478,70219.200649,15105597,1458,0,0
astar_bidir_chpot,12547874,29477659,1794,1458,1804,0,1458,2.759261,15105597,1458,0,0
core_ch,12547874,29477659,1794,1458,1804,0,1458,3.002368,15105597,1458,0,0
core_ch_chpot,12547874,29477659,1794,1458,1804,0,1458,2.023643,15105597,1458,0,0
dijkstra,12547874,29477659,6640014,7002078,7734885,1963,3649638,8608.329649,8559147,863,0,0
astar_chpot,12547874,29477659,1053,863,1057,1,863,1.5626030000000002,8559147,863,0,0
dijkstra_bidir,12547874,29477659,6640014,7002078,7734885,1963,3649638,16319.548340000001,8559147,863,0,0
astar_bidir_chpot,12547874,29477659,1053,863,1057,1,863,2.40978,8559147,863,0,0
core_ch,12547874,29477659,1053,863,1057,1,863,2.795885,8559147,863,0,0
core_ch_chpot,12547874,29477659,1053,863,1057,1,863,2.207085,8559147,863,0,0
dijkstra,12547874,29477659,7561513,7830973,8540194,1569,4079027,9011.731775999999,9740288,906,0,0
astar_chpot,12547874,29477659,1152,906,1155,0,906,1.149019,9740288,906,0,0
dijkstra_bidir,12547874,29477659,7561513,7830973,8540194,1569,4079027,19813.14064,9740288,906,0,0
astar_bidir_chpot,12547874,29477659,1152,906,1155,0,906,1.625958,9740288,906,0,0
core_ch,12547874,29477659,1152,906,1155,0,906,2.924638,9740288,906,0,0
core_ch_chpot,12547874,29477659,1152,906,1155,0,906,2.065033,9740288,906,0,0
dijkstra,12547874,29477659,16042161,19782071,21155009,3629,3793675,23269.155348999997,19751236,1449,2,1
astar_chpot,12547874,29477659,9854,7820,10291,3,7380,9.321864,19751236,1449,2,1
dijkstra_bidir,12547874,29477659,16042161,19782071,21155009,3629,3793675,44816.528412,19751236,1449,2,1
astar_bidir_chpot,12547874,29477659,9854,7820,10291,3,7380,19.781633,19751236,1449,2,1
core_ch,12547874,29477659,9854,7820,10291,3,7380,1.483513,NaN,NaN,NaN,NaN
core_ch_chpot,12547874,29477659,9854,7820,10291,3,7380,4.190918,NaN,NaN,NaN,NaN
dijkstra,12547874,29477659,12510924,13682105,14825693,2069,4807141,17057.689987,12559377,1345,0,0
astar_chpot,12547874,29477659,1872,1345,1902,0,1345,1.820086,12559377,1345,0,0
dijkstra_bidir,12547874,29477659,12510924,13682105,14825693,2069,4807141,38645.059758999996,12559377,1345,0,0
astar_bidir_chpot,12547874,29477659,1872,1345,1902,0,1345,2.494103,12559377,1345,0,0
core_ch,12547874,29477659,1872,1345,1902,0,1345,4.0205079999999995,12559377,1345,0,0
core_ch_chpot,12547874,29477659,1872,1345,1902,0,1345,2.080041,12559377,1345,0,0
dijkstra,12547874,29477659,56196090,69995640,75161026,10684,12302210,95106.52190800001,NaN,NaN,NaN,NaN
astar_chpot,12547874,29477659,56196090,69995640,75161026,10684,12302210,110154.888514,NaN,NaN,NaN,NaN
dijkstra_bidir,12547874,29477659,56196090,69995640,75161026,10684,12302210,1.345511,NaN,NaN,NaN,NaN
astar_bidir_chpot,12547874,29477659,56196090,69995640,75161026,10684,12302210,1.3605399999999999,NaN,NaN,NaN,NaN
core_ch,12547874,29477659,56196090,69995640,75161026,10684,12302210,2.046193,NaN,NaN,NaN,NaN
core_ch_chpot,12547874,29477659,56196090,69995640,75161026,10684,12302210,0.93857,NaN,NaN,NaN,NaN
dijkstra,12547874,29477659,49833777,62948800,67792022,10392,11283481,87307.36204400001,22087590,1870,2,1
astar_chpot,12547874,29477659,7028,5823,7295,6,5136,4.937593,22087590,1870,2,1
dijkstra_bidir,12547874,29477659,49833777,62948800,67792022,10392,11283481,92528.54576,22087590,1870,2,1
astar_bidir_chpot,12547874,29477659,7028,5823,7295,6,5136,10.262516,22087590,1870,2,1
core_ch,12547874,29477659,7028,5823,7295,6,5136,2.86712,NaN,NaN,NaN,NaN
core_ch_chpot,12547874,29477659,7028,5823,7295,6,5136,7.216994,NaN,NaN,NaN,NaN
dijkstra,12547874,29477659,12487620,14541957,15740703,2821,5018948,16790.249559,11570347,1204,0,0
astar_chpot,12547874,29477659,1327,1204,1327,0,1204,1.2064739999999998,11570347,1204,0,0
dijkstra_bidir,12547874,29477659,12487620,14541957,15740703,2821,5018948,57045.828529,11570347,1204,0,0
astar_bidir_chpot,12547874,29477659,1327,1204,1327,0,1204,1.7377250000000002,11570347,1204,0,0
core_ch,12547874,29477659,1327,1204,1327,0,1204,3.112775,11570347,1204,0,0
core_ch_chpot,12547874,29477659,1327,1204,1327,0,1204,2.7819540000000003,11570347,1204,0,0
dijkstra,12547874,29477659,58363960,79614391,85544753,15102,12125212,109912.64599199999,31517827,2321,1,1
astar_chpot,12547874,29477659,4702,3894,4758,4,3712,3.42475,31517827,2321,1,1
dijkstra_bidir,12547874,29477659,58363960,79614391,85544753,15102,12125212,106461.942723,31517827,2321,1,1
astar_bidir_chpot,12547874,29477659,4702,3894,4758,4,3712,7.036174,31517827,2321,1,1
core_ch,12547874,29477659,4702,3894,4758,4,3712,1.88335,NaN,NaN,NaN,NaN
core_ch_chpot,12547874,29477659,4702,3894,4758,4,3712,4.769843,NaN,NaN,NaN,NaN
dijkstra,12547874,29477659,39547606,52314673,56271029,8523,8298265,71382.03621600001,20835447,1620,1,1
astar_chpot,12547874,29477659,3134,2802,3257,5,1665,1.926237,20835447,1620,1,1
dijkstra_bidir,12547874,29477659,39547606,52314673,56271029,8523,8298265,111350.231259,20835447,1620,1,1
astar_bidir_chpot,12547874,29477659,3134,2802,3257,5,1665,4.177047,20835447,1620,1,1
core_ch,12547874,29477659,3134,2802,3257,5,1665,3.876299,NaN,NaN,NaN,NaN
core_ch_chpot,12547874,29477659,3134,2802,3257,5,1665,9.334653999999999,NaN,NaN,NaN,NaN
dijkstra,12547874,29477659,58926295,76777463,82366175,14337,12302210,100791.068186,NaN,NaN,NaN,NaN
astar_chpot,12547874,29477659,58926295,76777463,82366175,14337,12302210,117671.619542,NaN,NaN,NaN,NaN
dijkstra_bidir,12547874,29477659,58926295,76777463,82366175,14337,12302210,0.16264900000000002,NaN,NaN,NaN,NaN
astar_bidir_chpot,12547874,29477659,58926295,76777463,82366175,14337,12302210,1.695123,NaN,NaN,NaN,NaN
core_ch,12547874,29477659,58926295,76777463,82366175,14337,12302210,2.194177,NaN,NaN,NaN,NaN
core_ch_chpot,12547874,29477659,58926295,76777463,82366175,14337,12302210,0.5216930000000001,NaN,NaN,NaN,NaN
dijkstra,12547874,29477659,47974063,59579390,64138037,9588,10719757,80403.55406499999,20487487,1637,1,1
astar_chpot,12547874,29477659,6735,5567,6897,5,4602,4.669817,20487487,1637,1,1
dijkstra_bidir,12547874,29477659,47974063,59579390,64138037,9588,10719757,85995.29533000001,20487487,1637,1,1
astar_bidir_chpot,12547874,29477659,6735,5567,6897,5,4602,10.003967000000001,20487487,1637,1,1
core_ch,12547874,29477659,6735,5567,6897,5,4602,3.578203,NaN,NaN,NaN,NaN
core_ch_chpot,12547874,29477659,6735,5567,6897,5,4602,8.501982,NaN,NaN,NaN,NaN
dijkstra,12547874,29477659,41024867,50596790,54656971,7321,9472235,68446.110824,19295750,1697,2,1
astar_chpot,12547874,29477659,4131,3544,4345,23,2275,2.477385,19295750,1697,2,1
dijkstra_bidir,12547874,29477659,41024867,50596790,54656971,7321,9472235,68665.684513,19295750,1697,2,1
astar_bidir_chpot,12547874,29477659,4131,3544,4345,23,2275,6.424194,19295750,1697,2,1
core_ch,12547874,29477659,4131,3544,4345,23,2275,3.0092589999999997,NaN,NaN,NaN,NaN
core_ch_chpot,12547874,29477659,4131,3544,4345,23,2275,7.538909,NaN,NaN,NaN,NaN
dijkstra,12547874,29477659,1264884,1262565,1374428,301,1069131,975.059346,5818265,678,0,0
astar_chpot,12547874,29477659,866,678,871,1,678,0.762158,5818265,678,0,0
dijkstra_bidir,12547874,29477659,1264884,1262565,1374428,301,1069131,3453.1112249999996,5818265,678,0,0
astar_bidir_chpot,12547874,29477659,866,678,871,1,678,1.3352259999999998,5818265,678,0,0
core_ch,12547874,29477659,866,678,871,1,678,1.116148,5818265,678,0,0
core_ch_chpot,12547874,29477659,866,678,871,1,678,0.7933089999999999,5818265,678,0,0
dijkstra,12547874,29477659,47184651,61235921,65955144,10154,11318768,80104.738345,23688512,2151,1,1
astar_chpot,12547874,29477659,5217,4371,5317,3,3471,4.663920999999999,23688512,2151,1,1
dijkstra_bidir,12547874,29477659,47184651,61235921,65955144,10154,11318768,93681.307784,23688512,2151,1,1
astar_bidir_chpot,12547874,29477659,5217,4371,5317,3,3471,8.772423,23688512,2151,1,1
core_ch,12547874,29477659,5217,4371,5317,3,3471,3.781548,NaN,NaN,NaN,NaN
core_ch_chpot,12547874,29477659,5217,4371,5317,3,3471,8.887504,NaN,NaN,NaN,NaN
dijkstra,12547874,29477659,30460294,34830069,37751133,5737,9240873,46825.944595,14384671,1480,0,0
astar_chpot,12547874,29477659,1799,1480,1807,0,1480,1.536697,14384671,1480,0,0
dijkstra_bidir,12547874,29477659,30460294,34830069,37751133,5737,9240873,78795.651394,14384671,1480,0,0
astar_bidir_chpot,12547874,29477659,1799,1480,1807,0,1480,3.039149,14384671,1480,0,0
core_ch,12547874,29477659,1799,1480,1807,0,1480,4.569464,14384671,1480,0,0
core_ch_chpot,12547874,29477659,1799,1480,1807,0,1480,3.261555,14384671,1480,0,0
dijkstra,12547874,29477659,42412081,53459849,57678670,7428,9550031,72498.286071,19424680,1587,6,1
astar_chpot,12547874,29477659,4214,3582,4275,8,3155,3.0116549999999997,19424680,1587,6,1
dijkstra_bidir,12547874,29477659,42412081,53459849,57678670,7428,9550031,100945.801074,19424680,1587,6,1
astar_bidir_chpot,12547874,29477659,4214,3582,4275,8,3155,9.193636,19424680,1587,6,1
core_ch,12547874,29477659,4214,3582,4275,8,3155,3.386647,NaN,NaN,NaN,NaN
core_ch_chpot,12547874,29477659,4214,3582,4275,8,3155,7.471043,NaN,NaN,NaN,NaN
dijkstra,12547874,29477659,40652505,52873576,57284940,7800,8830102,72892.102705,20028131,1633,1,1
astar_chpot,12547874,29477659,4336,3720,4481,4,2690,2.889615,20028131,1633,1,1
dijkstra_bidir,12547874,29477659,40652505,52873576,57284940,7800,8830102,104572.28310399999,20028131,1633,1,1
astar_bidir_chpot,12547874,29477659,4336,3720,4481,4,2690,7.125857,20028131,1633,1,1
core_ch,12547874,29477659,4336,3720,4481,4,2690,4.023858,NaN,NaN,NaN,NaN
core_ch_chpot,12547874,29477659,4336,3720,4481,4,2690,8.924494,NaN,NaN,NaN,NaN
dijkstra,12547874,29477659,19808572,23301607,25198495,4450,7765402,28148.592325999998,13658748,1456,0,0
astar_chpot,12547874,29477659,1623,1456,1626,0,1456,1.9265109999999999,13658748,1456,0,0
dijkstra_bidir,12547874,29477659,19808572,23301607,25198495,4450,7765402,75110.617435,13658748,1456,0,0
astar_bidir_chpot,12547874,29477659,1623,1456,1626,0,1456,2.34155,13658748,1456,0,0
core_ch,12547874,29477659,1623,1456,1626,0,1456,4.10692,13658748,1456,0,0
core_ch_chpot,12547874,29477659,1623,1456,1626,0,1456,4.5067140000000006,13658748,1456,0,0
dijkstra,12547874,29477659,795336,830732,896853,469,526906,552.670616,8612991,733,0,0
astar_chpot,12547874,29477659,1072,733,1089,0,733,0.880169,8612991,733,0,0
dijkstra_bidir,12547874,29477659,795336,830732,896853,469,526906,4084.8653949999994,8612991,733,0,0
astar_bidir_chpot,12547874,29477659,1072,733,1089,0,733,1.518319,8612991,733,0,0
core_ch,12547874,29477659,1072,733,1089,0,733,0.984665,8612991,733,0,0
core_ch_chpot,12547874,29477659,1072,733,1089,0,733,0.5044080000000001,8612991,733,0,0
dijkstra,12547874,29477659,3099267,3182770,3505031,933,2107048,3130.5594389999997,6822146,851,0,0
astar_chpot,12547874,29477659,1069,851,1077,3,851,1.046592,6822146,851,0,0
dijkstra_bidir,12547874,29477659,3099267,3182770,3505031,933,2107048,9676.489588,6822146,851,0,0
astar_bidir_chpot,12547874,29477659,1069,851,1077,3,851,1.757881,6822146,851,0,0
core_ch,12547874,29477659,1069,851,1077,3,851,2.395716,6822146,851,0,0
core_ch_chpot,12547874,29477659,1069,851,1077,3,851,3.5070040000000002,6822146,851,0,0
dijkstra,12547874,29477659,18310168,21478129,23457149,4212,6624177,28154.606855,10702668,1075,0,0
astar_chpot,12547874,29477659,1225,1075,1227,2,1075,1.109261,10702668,1075,0,0
dijkstra_bidir,12547874,29477659,18310168,21478129,23457149,4212,6624177,47412.251202,10702668,1075,0,0
astar_bidir_chpot,12547874,29477659,1225,1075,1227,2,1075,1.7778180000000001,10702668,1075,0,0
core_ch,12547874,29477659,1225,1075,1227,2,1075,4.207787,10702668,1075,0,0
core_ch_chpot,12547874,29477659,1225,1075,1227,2,1075,2.6263609999999997,10702668,1075,0,0
dijkstra,12547874,29477659,31831424,40771185,43785256,6438,8506620,50967.839114999995,23377800,1876,3,1
astar_chpot,12547874,29477659,4970,3945,5173,5,3856,3.764028,23377800,1876,3,1
dijkstra_bidir,12547874,29477659,31831424,40771185,43785256,6438,8506620,94241.556649,23377800,1876,3,1
astar_bidir_chpot,12547874,29477659,4970,3945,5173,5,3856,15.176111,23377800,1876,3,1
core_ch,12547874,29477659,4970,3945,5173,5,3856,2.22213,NaN,NaN,NaN,NaN
core_ch_chpot,12547874,29477659,4970,3945,5173,5,3856,5.550013000000001,NaN,NaN,NaN,NaN
dijkstra,12547874,29477659,6062833,6315190,6857121,1057,3382524,6696.284512,8473735,863,0,0
astar_chpot,12547874,29477659,1092,863,1094,0,863,0.93792,8473735,863,0,0
dijkstra_bidir,12547874,29477659,6062833,6315190,6857121,1057,3382524,8015.650679,8473735,863,0,0
astar_bidir_chpot,12547874,29477659,1092,863,1094,0,863,1.475938,8473735,863,0,0
core_ch,12547874,29477659,1092,863,1094,0,863,1.3155350000000001,8473735,863,0,0
core_ch_chpot,12547874,29477659,1092,863,1094,0,863,1.3915799999999998,8473735,863,0,0
dijkstra,12547874,29477659,59156862,77147754,82782582,11498,12302210,102512.29606200001,NaN,NaN,NaN,NaN
astar_chpot,12547874,29477659,59156862,77147754,82782582,11498,12302210,116579.13393,NaN,NaN,NaN,NaN
dijkstra_bidir,12547874,29477659,59156862,77147754,82782582,11498,12302210,0.716941,NaN,NaN,NaN,NaN
astar_bidir_chpot,12547874,29477659,59156862,77147754,82782582,11498,12302210,1.2841289999999999,NaN,NaN,NaN,NaN
core_ch,12547874,29477659,59156862,77147754,82782582,11498,12302210,1.82353,NaN,NaN,NaN,NaN
core_ch_chpot,12547874,29477659,59156862,77147754,82782582,11498,12302210,0.428176,NaN,NaN,NaN,NaN
dijkstra,12547874,29477659,1949748,1920687,2090715,341,1549019,1632.217308,5211195,452,0,0
astar_chpot,12547874,29477659,576,452,601,0,452,0.6158020000000001,5211195,452,0,0
dijkstra_bidir,12547874,29477659,1949748,1920687,2090715,341,1549019,3615.718415,5211195,452,0,0
astar_bidir_chpot,12547874,29477659,576,452,601,0,452,0.975832,5211195,452,0,0
core_ch,12547874,29477659,576,452,601,0,452,1.109646,5211195,452,0,0
core_ch_chpot,12547874,29477659,576,452,601,0,452,1.449837,5211195,452,0,0
dijkstra,12547874,29477659,25057649,29707657,32156488,5080,9224483,37899.409032,14356739,1454,0,0
astar_chpot,12547874,29477659,1622,1454,1631,0,1454,1.3606099999999999,14356739,1454,0,0
dijkstra_bidir,12547874,29477659,25057649,29707657,32156488,5080,9224483,69078.399853,14356739,1454,0,0
astar_bidir_chpot,12547874,29477659,1622,1454,1631,0,1454,2.5380480000000003,14356739,1454,0,0
core_ch,12547874,29477659,1622,1454,1631,0,1454,3.551707,14356739,1454,0,0
core_ch_chpot,12547874,29477659,1622,1454,1631,0,1454,3.134382,14356739,1454,0,0
dijkstra,12547874,29477659,11157070,12558820,13813999,2979,5034930,15974.468676,10057825,942,0,0
astar_chpot,12547874,29477659,1093,948,1099,5,948,1.0041740000000001,10057825,942,0,0
dijkstra_bidir,12547874,29477659,11157070,12558820,13813999,2979,5034930,32866.361347,10057825,942,0,0
astar_bidir_chpot,12547874,29477659,1093,948,1099,5,948,1.889212,10057825,942,0,0
core_ch,12547874,29477659,1093,948,1099,5,948,3.267814,10057825,942,0,0
core_ch_chpot,12547874,29477659,1093,948,1099,5,948,2.894612,10057825,942,0,0
dijkstra,12547874,29477659,1171591,1245587,1339201,825,843038,897.680833,7465629,643,0,0
astar_chpot,12547874,29477659,856,643,865,0,643,0.774279,7465629,643,0,0
dijkstra_bidir,12547874,29477659,1171591,1245587,1339201,825,843038,2098.956035,7465629,643,0,0
astar_bidir_chpot,12547874,29477659,856,643,865,0,643,1.362055,7465629,643,0,0
core_ch,12547874,29477659,856,643,865,0,643,0.721079,7465629,643,0,0
core_ch_chpot,12547874,29477659,856,643,865,0,643,0.637875,7465629,643,0,0
dijkstra,12547874,29477659,7264918,7710971,8520296,2037,4090685,9153.030315,8290561,768,0,0
astar_chpot,12547874,29477659,962,768,965,0,768,0.9315760000000001,8290561,768,0,0
dijkstra_bidir,12547874,29477659,7264918,7710971,8520296,2037,4090685,15506.623518,8290561,768,0,0
astar_bidir_chpot,12547874,29477659,962,768,965,0,768,1.649419,8290561,768,0,0
core_ch,12547874,29477659,962,768,965,0,768,2.467886,8290561,768,0,0
core_ch_chpot,12547874,29477659,962,768,965,0,768,1.510766,8290561,768,0,0
dijkstra,12547874,29477659,53886988,68801024,73914699,10078,11870207,93420.557643,21799762,1598,4,1
astar_chpot,12547874,29477659,2247,1973,2284,7,1793,1.7359149999999999,21799762,1598,4,1
dijkstra_bidir,12547874,29477659,53886988,68801024,73914699,10078,11870207,101913.617049,21799762,1598,4,1
astar_bidir_chpot,12547874,29477659,2247,1973,2284,7,1793,3.7299260000000003,21799762,1598,4,1
core_ch,12547874,29477659,2247,1973,2284,7,1793,3.419072,NaN,NaN,NaN,NaN
core_ch_chpot,12547874,29477659,2247,1973,2284,7,1793,7.395687,NaN,NaN,NaN,NaN
dijkstra,12547874,29477659,28254359,32739989,35429865,6171,8616452,42558.602332,14907910,1570,0,0
astar_chpot,12547874,29477659,1958,1570,1978,4,1570,1.791904,14907910,1570,0,0
dijkstra_bidir,12547874,29477659,28254359,32739989,35429865,6171,8616452,75694.41216600001,14907910,1570,0,0
astar_bidir_chpot,12547874,29477659,1958,1570,1978,4,1570,2.40313,14907910,1570,0,0
core_ch,12547874,29477659,1958,1570,1978,4,1570,4.873849000000001,14907910,1570,0,0
core_ch_chpot,12547874,29477659,1958,1570,1978,4,1570,3.314049,14907910,1570,0,0
dijkstra,12547874,29477659,47601554,60543801,65176417,10413,11098555,81325.562666,21363567,1790,2,1
astar_chpot,12547874,29477659,4709,3992,4794,2,3296,3.254856,21363567,1790,2,1
dijkstra_bidir,12547874,29477659,47601554,60543801,65176417,10413,11098555,104916.260521,21363567,1790,2,1
astar_bidir_chpot,12547874,29477659,4709,3992,4794,2,3296,10.092527,21363567,1790,2,1
core_ch,12547874,29477659,4709,3992,4794,2,3296,3.2364249999999997,NaN,NaN,NaN,NaN
core_ch_chpot,12547874,29477659,4709,3992,4794,2,3296,7.7692309999999996,NaN,NaN,NaN,NaN
dijkstra,12547874,29477659,50853506,66123551,71131798,11448,11766868,86513.611742,25244668,2093,2,1
astar_chpot,12547874,29477659,6388,5299,6511,2,4806,4.445302,25244668,2093,2,1
dijkstra_bidir,12547874,29477659,50853506,66123551,71131798,11448,11766868,97550.23722,25244668,2093,2,1
astar_bidir_chpot,12547874,29477659,6388,5299,6511,2,4806,8.054969,25244668,2093,2,1
core_ch,12547874,29477659,6388,5299,6511,2,4806,2.583866,NaN,NaN,NaN,NaN
core_ch_chpot,12547874,29477659,6388,5299,6511,2,4806,5.9996659999999995,NaN,NaN,NaN,NaN
dijkstra,12547874,29477659,19244798,21393952,23125024,4104,6416018,26162.493841,12504574,1448,0,0
astar_chpot,12547874,29477659,1795,1485,1807,4,1485,1.531132,12504574,1448,0,0
dijkstra_bidir,12547874,29477659,19244798,21393952,23125024,4104,6416018,62431.767555,12504574,1448,0,0
astar_bidir_chpot,12547874,29477659,1795,1485,1807,4,1485,2.244249,12504574,1448,0,0
core_ch,12547874,29477659,1795,1485,1807,4,1485,3.77155,12504574,1448,0,0
core_ch_chpot,12547874,29477659,1795,1485,1807,4,1485,2.897043,12504574,1448,0,0
dijkstra,12547874,29477659,33348375,40194571,43511783,6862,9898757,54818.760586000004,13906614,1307,0,0
astar_chpot,12547874,29477659,1681,1307,1744,3,1307,1.433412,13906614,1307,0,0
dijkstra_bidir,12547874,29477659,33348375,40194571,43511783,6862,9898757,73225.78787,13906614,1307,0,0
astar_bidir_chpot,12547874,29477659,1681,1307,1744,3,1307,2.1138369999999997,13906614,1307,0,0
core_ch,12547874,29477659,1681,1307,1744,3,1307,4.108399,13906614,1307,0,0
core_ch_chpot,12547874,29477659,1681,1307,1744,3,1307,1.9911170000000002,13906614,1307,0,0
dijkstra,12547874,29477659,27807316,34118820,37051055,5431,8068278,44826.426806,14976510,1474,0,0
astar_chpot,12547874,29477659,1808,1474,1819,3,1474,1.6413389999999999,14976510,1474,0,0
dijkstra_bidir,12547874,29477659,27807316,34118820,37051055,5431,8068278,76993.418093,14976510,1474,0,0
astar_bidir_chpot,12547874,29477659,1808,1474,1819,3,1474,2.336058,14976510,1474,0,0
core_ch,12547874,29477659,1808,1474,1819,3,1474,4.08155,14976510,1474,0,0
core_ch_chpot,12547874,29477659,1808,1474,1819,3,1474,2.348046,14976510,1474,0,0
dijkstra,12547874,29477659,31570769,38063823,40805464,6597,7086887,47158.665357,22257703,1578,2,1
astar_chpot,12547874,29477659,3091,2708,3159,4,2093,2.142001,22257703,1578,2,1
dijkstra_bidir,12547874,29477659,31570769,38063823,40805464,6597,7086887,102248.420385,22257703,1578,2,1
astar_bidir_chpot,12547874,29477659,3091,2708,3159,4,2093,4.034402,22257703,1578,2,1
core_ch,12547874,29477659,3091,2708,3159,4,2093,3.161138,NaN,NaN,NaN,NaN
core_ch_chpot,12547874,29477659,3091,2708,3159,4,2093,7.189869,NaN,NaN,NaN,NaN
dijkstra,12547874,29477659,57512784,73311204,78871724,11728,12128499,99368.79347599999,24238125,2223,2,1
astar_chpot,12547874,29477659,4596,3778,4815,6,3023,3.047793,24238125,2223,2,1
dijkstra_bidir,12547874,29477659,57512784,73311204,78871724,11728,12128499,99890.074765,24238125,2223,2,1
astar_bidir_chpot,12547874,29477659,4596,3778,4815,6,3023,5.81994,24238125,2223,2,1
core_ch,12547874,29477659,4596,3778,4815,6,3023,2.988855,NaN,NaN,NaN,NaN
core_ch_chpot,12547874,29477659,4596,3778,4815,6,3023,6.936317,NaN,NaN,NaN,NaN
dijkstra,12547874,29477659,605786,600060,640652,446,591160,362.516212,4450311,557,0,0
astar_chpot,12547874,29477659,794,558,795,0,558,0.7591330000000001,4450311,557,0,0
dijkstra_bidir,12547874,29477659,605786,600060,640652,446,591160,550.7578319999999,4450311,557,0,0
astar_bidir_chpot,12547874,29477659,794,558,795,0,558,1.505649,4450311,557,0,0
core_ch,12547874,29477659,794,558,795,0,558,0.790589,4450311,557,0,0
core_ch_chpot,12547874,29477659,794,558,795,0,558,0.6687649999999999,4450311,557,0,0
dijkstra,12547874,29477659,51164220,65208729,70150473,10820,11855635,85998.258459,24946967,1977,2,1
astar_chpot,12547874,29477659,3937,3374,4009,5,2756,2.889186,24946967,1977,2,1
dijkstra_bidir,12547874,29477659,51164220,65208729,70150473,10820,11855635,100696.718504,24946967,1977,2,1
astar_bidir_chpot,12547874,29477659,3937,3374,4009,5,2756,4.8342350000000005,24946967,1977,2,1
core_ch,12547874,29477659,3937,3374,4009,5,2756,4.817569,NaN,NaN,NaN,NaN
core_ch_chpot,12547874,29477659,3937,3374,4009,5,2756,10.009163999999998,NaN,NaN,NaN,NaN
dijkstra,12547874,29477659,1176647,1162259,1270594,370,1129809,840.218095,6912744,764,0,0
astar_chpot,12547874,29477659,1056,764,1065,0,764,1.010384,6912744,764,0,0
dijkstra_bidir,12547874,29477659,1176647,1162259,1270594,370,1129809,6385.6614389999995,6912744,764,0,0
astar_bidir_chpot,12547874,29477659,1056,764,1065,0,764,1.494673,6912744,764,0,0
core_ch,12547874,29477659,1056,764,1065,0,764,1.67319,6912744,764,0,0
core_ch_chpot,12547874,29477659,1056,764,1065,0,764,0.865722,6912744,764,0,0
dijkstra,12547874,29477659,60466404,82526945,88856080,16128,11938394,114437.017291,30588701,2164,1,1
astar_chpot,12547874,29477659,38658,32411,40599,37,32175,30.340769,30588701,2164,1,1
dijkstra_bidir,12547874,29477659,60466404,82526945,88856080,16128,11938394,116169.116716,30588701,2164,1,1
astar_bidir_chpot,12547874,29477659,38658,32411,40599,37,32175,60.224273000000004,30588701,2164,1,1
core_ch,12547874,29477659,38658,32411,40599,37,32175,1.687183,NaN,NaN,NaN,NaN
core_ch_chpot,12547874,29477659,38658,32411,40599,37,32175,4.030896,NaN,NaN,NaN,NaN
dijkstra,12547874,29477659,18731652,21208606,23032444,4207,6445616,27277.512399,11526324,1244,0,0
astar_chpot,12547874,29477659,1466,1244,1470,0,1244,1.409551,11526324,1244,0,0
dijkstra_bidir,12547874,29477659,18731652,21208606,23032444,4207,6445616,50418.973586,11526324,1244,0,0
astar_bidir_chpot,12547874,29477659,1466,1244,1470,0,1244,2.0252090000000003,11526324,1244,0,0
core_ch,12547874,29477659,1466,1244,1470,0,1244,4.166382,11526324,1244,0,0
core_ch_chpot,12547874,29477659,1466,1244,1470,0,1244,3.327945,11526324,1244,0,0
dijkstra,12547874,29477659,8023458,9308399,10202963,2491,3659729,10692.839606,9891061,922,0,0
astar_chpot,12547874,29477659,1090,922,1096,2,922,1.109866,9891061,922,0,0
dijkstra_bidir,12547874,29477659,8023458,9308399,10202963,2491,3659729,29137.744227,9891061,922,0,0
astar_bidir_chpot,12547874,29477659,1090,922,1096,2,922,1.628405,9891061,922,0,0
core_ch,12547874,29477659,1090,922,1096,2,922,3.333237,9891061,922,0,0
core_ch_chpot,12547874,29477659,1090,922,1096,2,922,2.82151,9891061,922,0,0
dijkstra,12547874,29477659,19826770,23437178,25583671,4383,6886591,30721.941878999998,11632892,1422,0,0
astar_chpot,12547874,29477659,1985,1422,2012,2,1422,1.752911,11632892,1422,0,0
dijkstra_bidir,12547874,29477659,19826770,23437178,25583671,4383,6886591,53520.587112999994,11632892,1422,0,0
astar_bidir_chpot,12547874,29477659,1985,1422,2012,2,1422,2.465427,11632892,1422,0,0
core_ch,12547874,29477659,1985,1422,2012,2,1422,4.055017,11632892,1422,0,0
core_ch_chpot,12547874,29477659,1985,1422,2012,2,1422,2.03706,11632892,1422,0,0
dijkstra,12547874,29477659,26039169,30098522,32675495,5097,7972267,39008.032479999994,14117766,1557,0,0
astar_chpot,12547874,29477659,2145,1557,2158,1,1557,1.926615,14117766,1557,0,0
dijkstra_bidir,12547874,29477659,26039169,30098522,32675495,5097,7972267,63999.982430000004,14117766,1557,0,0
astar_bidir_chpot,12547874,29477659,2145,1557,2158,1,1557,2.684579,14117766,1557,0,0
core_ch,12547874,29477659,2145,1557,2158,1,1557,4.786917,14117766,1557,0,0
core_ch_chpot,12547874,29477659,2145,1557,2158,1,1557,2.048062,14117766,1557,0,0
dijkstra,12547874,29477659,30710410,42219290,45843395,6392,6596463,58937.823117,19923961,1572,3,1
astar_chpot,12547874,29477659,5579,4788,5696,19,3669,3.54753,19923961,1572,3,1
dijkstra_bidir,12547874,29477659,30710410,42219290,45843395,6392,6596463,89720.01166799999,19923961,1572,3,1
astar_bidir_chpot,12547874,29477659,5579,4788,5696,19,3669,9.48068,19923961,1572,3,1
core_ch,12547874,29477659,5579,4788,5696,19,3669,2.961019,NaN,NaN,NaN,NaN
core_ch_chpot,12547874,29477659,5579,4788,5696,19,3669,7.131921,NaN,NaN,NaN,NaN
dijkstra,12547874,29477659,32375,30590,34139,73,30590,15.710205000000002,1420820,218,0,0
astar_chpot,12547874,29477659,358,218,358,0,218,0.409467,1420820,218,0,0
dijkstra_bidir,12547874,29477659,32375,30590,34139,73,30590,37.025053,1420820,218,0,0
astar_bidir_chpot,12547874,29477659,358,218,358,0,218,0.831702,1420820,218,0,0
core_ch,12547874,29477659,358,218,358,0,218,0.42149400000000004,1420820,218,0,0
core_ch_chpot,12547874,29477659,358,218,358,0,218,0.866986,1420820,218,0,0
dijkstra,12547874,29477659,5188056,5756211,6213692,1231,3132181,5882.854916,7943713,976,0,0
astar_chpot,12547874,29477659,1480,976,1497,0,976,1.392435,7943713,976,0,0
dijkstra_bidir,12547874,29477659,5188056,5756211,6213692,1231,3132181,10832.884533999999,7943713,976,0,0
astar_bidir_chpot,12547874,29477659,1480,976,1497,0,976,2.144316,7943713,976,0,0
core_ch,12547874,29477659,1480,976,1497,0,976,2.7632160000000003,7943713,976,0,0
core_ch_chpot,12547874,29477659,1480,976,1497,0,976,1.766186,7943713,976,0,0
dijkstra,12547874,29477659,13583734,14957971,16206115,3054,5043985,17880.529715,11382927,1022,0,0
astar_chpot,12547874,29477659,1158,1022,1160,0,1022,1.216955,11382927,1022,0,0
dijkstra_bidir,12547874,29477659,13583734,14957971,16206115,3054,5043985,50799.087111,11382927,1022,0,0
astar_bidir_chpot,12547874,29477659,1158,1022,1160,0,1022,1.847912,11382927,1022,0,0
core_ch,12547874,29477659,1158,1022,1160,0,1022,4.007279,11382927,1022,0,0
core_ch_chpot,12547874,29477659,1158,1022,1160,0,1022,2.423911,11382927,1022,0,0
dijkstra,12547874,29477659,29954006,38388238,41231861,7943,7298997,46019.399415,26734619,2417,1,1
astar_chpot,12547874,29477659,13071,10587,13597,2,10011,9.178488999999999,26734619,2417,1,1
dijkstra_bidir,12547874,29477659,29954006,38388238,41231861,7943,7298997,98875.567222,26734619,2417,1,1
astar_bidir_chpot,12547874,29477659,13071,10587,13597,2,10011,22.187386,26734619,2417,1,1
core_ch,12547874,29477659,13071,10587,13597,2,10011,3.159517,NaN,NaN,NaN,NaN
core_ch_chpot,12547874,29477659,13071,10587,13597,2,10011,6.698656,NaN,NaN,NaN,NaN
dijkstra,12547874,29477659,14850492,20787520,22449113,3270,4971419,23815.376486,14455803,1134,0,0
astar_chpot,12547874,29477659,1380,1134,1386,1,1134,1.285331,14455803,1134,0,0
dijkstra_bidir,12547874,29477659,14850492,20787520,22449113,3270,4971419,40794.01405,14455803,1134,0,0
astar_bidir_chpot,12547874,29477659,1380,1134,1386,1,1134,1.800464,14455803,1134,0,0
core_ch,12547874,29477659,1380,1134,1386,1,1134,2.170159,14455803,1134,0,0
core_ch_chpot,12547874,29477659,1380,1134,1386,1,1134,1.081285,14455803,1134,0,0
dijkstra,12547874,29477659,49910961,63648587,68398912,8973,10378218,87478.025562,19938506,1585,2,1
astar_chpot,12547874,29477659,4480,3593,4675,5,2758,2.9224170000000003,19938506,1585,2,1
dijkstra_bidir,12547874,29477659,49910961,63648587,68398912,8973,10378218,100621.423631,19938506,1585,2,1
astar_bidir_chpot,12547874,29477659,4480,3593,4675,5,2758,6.190684999999999,19938506,1585,2,1
core_ch,12547874,29477659,4480,3593,4675,5,2758,3.568675,NaN,NaN,NaN,NaN
core_ch_chpot,12547874,29477659,4480,3593,4675,5,2758,8.169389,NaN,NaN,NaN,NaN
dijkstra,12547874,29477659,52296559,71055245,76512553,11753,11730010,94347.471344,25399070,1888,6,1
astar_chpot,12547874,29477659,5407,4614,5489,17,3968,3.774674,25399070,1888,6,1
dijkstra_bidir,12547874,29477659,52296559,71055245,76512553,11753,11730010,111434.845598,25399070,1888,6,1
astar_bidir_chpot,12547874,29477659,5407,4614,5489,17,3968,7.117911,25399070,1888,6,1
core_ch,12547874,29477659,5407,4614,5489,17,3968,3.264894,NaN,NaN,NaN,NaN
core_ch_chpot,12547874,29477659,5407,4614,5489,17,3968,7.1842,NaN,NaN,NaN,NaN
dijkstra,12547874,29477659,25745555,32810447,35604781,5188,7704950,44557.493239,14340272,1670,0,0
astar_chpot,12547874,29477659,2141,1671,2159,2,1671,1.781174,14340272,1670,0,0
dijkstra_bidir,12547874,29477659,25745555,32810447,35604781,5188,7704950,70698.961733,14340272,1670,0,0
astar_bidir_chpot,12547874,29477659,2141,1671,2159,2,1671,2.747103,14340272,1670,0,0
core_ch,12547874,29477659,2141,1671,2159,2,1671,4.295938,14340272,1670,0,0
core_ch_chpot,12547874,29477659,2141,1671,2159,2,1671,4.2016029999999995,14340272,1670,0,0
dijkstra,12547874,29477659,13390409,17368069,18988182,3455,5055395,22488.598131,10317377,1109,0,0
astar_chpot,12547874,29477659,1358,1109,1361,0,1109,1.255948,10317377,1109,0,0
dijkstra_bidir,12547874,29477659,13390409,17368069,18988182,3455,5055395,42533.010784,10317377,1109,0,0
astar_bidir_chpot,12547874,29477659,1358,1109,1361,0,1109,1.784567,10317377,1109,0,0
core_ch,12547874,29477659,1358,1109,1361,0,1109,3.7328330000000003,10317377,1109,0,0
core_ch_chpot,12547874,29477659,1358,1109,1361,0,1109,1.9865529999999998,10317377,1109,0,0
dijkstra,12547874,29477659,42169999,52735685,56763923,10441,10547732,68488.719383,22170865,2045,2,1
astar_chpot,12547874,29477659,5243,4258,5298,10,4174,4.034168,22170865,2045,2,1
dijkstra_bidir,12547874,29477659,42169999,52735685,56763923,10441,10547732,85481.935637,22170865,2045,2,1
astar_bidir_chpot,12547874,29477659,5243,4258,5298,10,4174,8.727283,22170865,2045,2,1
core_ch,12547874,29477659,5243,4258,5298,10,4174,2.703494,NaN,NaN,NaN,NaN
core_ch_chpot,12547874,29477659,5243,4258,5298,10,4174,6.7721279999999995,NaN,NaN,NaN,NaN
dijkstra,12547874,29477659,45175998,57021417,61405592,11117,11052171,74694.837806,22962653,1852,2,1
astar_chpot,12547874,29477659,5197,4353,5276,2,3777,3.796656,22962653,1852,2,1
dijkstra_bidir,12547874,29477659,45175998,57021417,61405592,11117,11052171,88372.97133,22962653,1852,2,1
astar_bidir_chpot,12547874,29477659,5197,4353,5276,2,3777,7.4008650000000005,22962653,1852,2,1
core_ch,12547874,29477659,5197,4353,5276,2,3777,6.113269,NaN,NaN,NaN,NaN
core_ch_chpot,12547874,29477659,5197,4353,5276,2,3777,11.857821,NaN,NaN,NaN,NaN
dijkstra,12547874,29477659,16640032,18746778,20452521,3429,6764158,24092.207065,11061722,1542,0,0
astar_chpot,12547874,29477659,2296,1542,2324,0,1542,1.904069,11061722,1542,0,0
dijkstra_bidir,12547874,29477659,16640032,18746778,20452521,3429,6764158,42414.200031,11061722,1542,0,0
astar_bidir_chpot,12547874,29477659,2296,1542,2324,0,1542,2.7877959999999997,11061722,1542,0,0
core_ch,12547874,29477659,2296,1542,2324,0,1542,4.500872,11061722,1542,0,0
core_ch_chpot,12547874,29477659,2296,1542,2324,0,1542,1.3817359999999999,11061722,1542,0,0
dijkstra,12547874,29477659,254848,251942,270851,113,251942,140.266886,3108150,294,0,0
astar_chpot,12547874,29477659,519,294,522,0,294,0.553683,3108150,294,0,0
dijkstra_bidir,12547874,29477659,254848,251942,270851,113,251942,222.880342,3108150,294,0,0
astar_bidir_chpot,12547874,29477659,519,294,522,0,294,1.0209489999999999,3108150,294,0,0
core_ch,12547874,29477659,519,294,522,0,294,0.46462499999999995,3108150,294,0,0
core_ch_chpot,12547874,29477659,519,294,522,0,294,0.457984,3108150,294,0,0
dijkstra,12547874,29477659,3582083,4132901,4522659,933,1981392,4085.1662510000006,8008998,922,0,0
astar_chpot,12547874,29477659,1138,922,1138,0,922,1.007296,8008998,922,0,0
dijkstra_bidir,12547874,29477659,3582083,4132901,4522659,933,1981392,13481.258264999999,8008998,922,0,0
astar_bidir_chpot,12547874,29477659,1138,922,1138,0,922,1.6764620000000001,8008998,922,0,0
core_ch,12547874,29477659,1138,922,1138,0,922,1.916672,8008998,922,0,0
core_ch_chpot,12547874,29477659,1138,922,1138,0,922,1.365394,8008998,922,0,0
dijkstra,12547874,29477659,54292684,75712694,81528874,13044,11933442,101021.177294,27611364,2047,3,1
astar_chpot,12547874,29477659,10395,8354,10717,12,7814,7.516549,27611364,2047,3,1
dijkstra_bidir,12547874,29477659,54292684,75712694,81528874,13044,11933442,110999.178906,27611364,2047,3,1
astar_bidir_chpot,12547874,29477659,10395,8354,10717,12,7814,12.61799,27611364,2047,3,1
core_ch,12547874,29477659,10395,8354,10717,12,7814,3.147097,NaN,NaN,NaN,NaN
core_ch_chpot,12547874,29477659,10395,8354,10717,12,7814,6.924915,NaN,NaN,NaN,NaN
dijkstra,12547874,29477659,1686353,1676014,1844540,708,1508246,1432.993848,4455697,511,0,0
astar_chpot,12547874,29477659,624,511,629,4,511,0.7194579999999999,4455697,511,0,0
dijkstra_bidir,12547874,29477659,1686353,1676014,1844540,708,1508246,2643.943672,4455697,511,0,0
astar_bidir_chpot,12547874,29477659,624,511,629,4,511,1.241131,4455697,511,0,0
core_ch,12547874,29477659,624,511,629,4,511,1.808642,4455697,511,0,0
core_ch_chpot,12547874,29477659,624,511,629,4,511,1.8344520000000002,4455697,511,0,0
dijkstra,12547874,29477659,46616068,60996661,65628936,9127,8876310,83830.705669,20886265,1616,3,1
astar_chpot,12547874,29477659,3846,3390,3952,20,2356,2.4673920000000003,20886265,1616,3,1
dijkstra_bidir,12547874,29477659,46616068,60996661,65628936,9127,8876310,109439.26717600001,20886265,1616,3,1
astar_bidir_chpot,12547874,29477659,3846,3390,3952,20,2356,4.7510449999999995,20886265,1616,3,1
core_ch,12547874,29477659,3846,3390,3952,20,2356,3.4247579999999997,NaN,NaN,NaN,NaN
core_ch_chpot,12547874,29477659,3846,3390,3952,20,2356,8.042919000000001,NaN,NaN,NaN,NaN
dijkstra,12547874,29477659,26056251,30437193,32919949,5660,9232595,39758.436854,13767458,1473,0,0
astar_chpot,12547874,29477659,1835,1473,1841,3,1473,1.525841,13767458,1473,0,0
dijkstra_bidir,12547874,29477659,26056251,30437193,32919949,5660,9232595,75463.935199,13767458,1473,0,0
astar_bidir_chpot,12547874,29477659,1835,1473,1841,3,1473,2.10927,13767458,1473,0,0
core_ch,12547874,29477659,1835,1473,1841,3,1473,4.069495,13767458,1473,0,0
core_ch_chpot,12547874,29477659,1835,1473,1841,3,1473,2.959671,13767458,1473,0,0
dijkstra,12547874,29477659,27075727,31230592,33764680,6154,8354766,39785.237025999995,15650326,1423,0,0
astar_chpot,12547874,29477659,1677,1423,1683,0,1423,1.662595,15650326,1423,0,0
dijkstra_bidir,12547874,29477659,27075727,31230592,33764680,6154,8354766,59656.492702,15650326,1423,0,0
astar_bidir_chpot,12547874,29477659,1677,1423,1683,0,1423,2.197602,15650326,1423,0,0
core_ch,12547874,29477659,1677,1423,1683,0,1423,3.200551,15650326,1423,0,0
core_ch_chpot,12547874,29477659,1677,1423,1683,0,1423,2.0558080000000003,15650326,1423,0,0
dijkstra,12547874,29477659,28031806,33280925,36015412,5549,10001342,42653.902206,14987901,1648,0,0
astar_chpot,12547874,29477659,1841,1650,1848,4,1650,1.515571,14987901,1648,0,0
dijkstra_bidir,12547874,29477659,28031806,33280925,36015412,5549,10001342,70472.035783,14987901,1648,0,0
astar_bidir_chpot,12547874,29477659,1841,1650,1848,4,1650,2.037036,14987901,1648,0,0
core_ch,12547874,29477659,1841,1650,1848,4,1650,3.379391,14987901,1648,0,0
core_ch_chpot,12547874,29477659,1841,1650,1848,4,1650,2.860198,14987901,1648,0,0
dijkstra,12547874,29477659,39560025,48606261,52549504,7178,10527571,66497.670154,15922135,1511,0,0
astar_chpot,12547874,29477659,1936,1511,1961,0,1511,1.5731810000000002,15922135,1511,0,0
dijkstra_bidir,12547874,29477659,39560025,48606261,52549504,7178,10527571,72662.49189,15922135,1511,0,0
astar_bidir_chpot,12547874,29477659,1936,1511,1961,0,1511,2.2010929999999997,15922135,1511,0,0
core_ch,12547874,29477659,1936,1511,1961,0,1511,5.530423,15922135,1511,0,0
core_ch_chpot,12547874,29477659,1936,1511,1961,0,1511,2.242287,15922135,1511,0,0
dijkstra,12547874,29477659,42240755,59418760,64144005,8433,9760570,81005.600028,21208583,1816,1,1
astar_chpot,12547874,29477659,3589,3067,3633,9,2852,2.81245,21208583,1816,1,1
dijkstra_bidir,12547874,29477659,42240755,59418760,64144005,8433,9760570,96522.35758000001,21208583,1816,1,1
astar_bidir_chpot,12547874,29477659,3589,3067,3633,9,2852,6.031993,21208583,1816,1,1
core_ch,12547874,29477659,3589,3067,3633,9,2852,3.7502999999999997,NaN,NaN,NaN,NaN
core_ch_chpot,12547874,29477659,3589,3067,3633,9,2852,8.230728,NaN,NaN,NaN,NaN
dijkstra,12547874,29477659,34102526,44941946,48675266,6974,8088215,59986.968548,20269672,1709,2,1
astar_chpot,12547874,29477659,6162,5083,6286,10,4478,4.415072,20269672,1709,2,1
dijkstra_bidir,12547874,29477659,34102526,44941946,48675266,6974,8088215,83404.868635,20269672,1709,2,1
astar_bidir_chpot,12547874,29477659,6162,5083,6286,10,4478,10.735553999999999,20269672,1709,2,1
core_ch,12547874,29477659,6162,5083,6286,10,4478,3.6237880000000002,NaN,NaN,NaN,NaN
core_ch_chpot,12547874,29477659,6162,5083,6286,10,4478,8.263904,NaN,NaN,NaN,NaN
dijkstra,12547874,29477659,1688414,1704501,1853561,244,1271770,1370.3945589999998,6780023,944,0,0
astar_chpot,12547874,29477659,1414,944,1438,0,944,1.132936,6780023,944,0,0
dijkstra_bidir,12547874,29477659,1688414,1704501,1853561,244,1271770,4055.3798749999996,6780023,944,0,0
astar_bidir_chpot,12547874,29477659,1414,944,1438,0,944,1.6687500000000002,6780023,944,0,0
core_ch,12547874,29477659,1414,944,1438,0,944,1.064864,6780023,944,0,0
core_ch_chpot,12547874,29477659,1414,944,1438,0,944,0.637292,6780023,944,0,0
