speed_cap_kmh,time_ms
15,48.880193000000006
15,5.082782
15,7.058984
15,49.419401
15,12.907376
15,15.495637
15,7.929323
15,6.485648
15,5.711107
15,16.192886
15,7.542911
15,8.232174
15,7.382154
15,4.3257959999999995
15,43.672931
15,10.660670000000001
15,44.401337
15,31.385589999999997
15,5.264862
15,36.903745
15,8.779622000000002
15,8.044469
15,22.134946999999997
15,11.203642
15,16.633986
15,8.079427
15,19.113947
15,9.136369
15,5.457984
15,9.787699
15,12.262322000000001
15,4.986399
15,10.475796
15,10.151438
15,9.600608
15,43.860753
15,11.893829
15,33.466877
15,10.432531
15,11.054204
15,5.962535
15,4.3882319999999995
15,19.329380999999998
15,6.047485
15,15.037953
15,4.932299
15,9.325903
15,15.062788000000001
15,4.89988
15,14.191567000000001
15,6.061596
15,5.207555
15,4.203755
15,6.004892000000001
15,12.284851
15,10.477677
15,5.0774
15,7.8590480000000005
15,47.484949
15,21.96572
15,7.24888
15,3.416528
15,4.574992
15,6.782475
15,6.281694
15,38.226056
15,12.00442
15,12.257348
15,14.660555
15,12.002596
15,23.804005
15,8.744337
15,30.237954000000002
15,8.942053999999999
15,5.225698
15,31.834083999999997
15,41.814537
15,3.5939460000000003
15,8.402678
15,24.356592
15,40.999249
15,7.840762
15,9.013184
15,25.397672999999998
15,5.583165999999999
15,12.033175
15,28.666996
15,7.136742
15,45.141442
15,11.009112
15,8.443886
15,3.8067830000000002
15,11.776833
15,5.204127000000001
15,5.621524
15,4.730349
15,14.25849
15,11.233811
15,4.979726
15,11.415842000000001
15,42.868188
15,29.748455
15,20.451352
15,9.936701
15,20.115384
15,5.588776
15,6.184185
15,5.61501
15,5.947379
15,6.491488
15,9.687593
15,4.846193
15,21.455683999999998
15,7.804045
15,12.057559000000001
15,4.574309
15,6.558197
15,7.423211
15,5.840111
15,6.034061
15,27.155569
15,8.184993
15,4.882041999999999
15,4.840532
15,5.188649
15,14.046185
15,12.738323
15,12.384457999999999
15,5.10948
15,18.605551000000002
15,41.279333
15,44.824263
15,5.503683
15,23.113768999999998
15,19.938190000000002
15,41.416068
15,14.382887
15,12.907221
15,20.289858000000002
15,4.668999
15,7.018098
15,7.0212390000000005
15,11.809702
15,7.6438690000000005
15,20.638126
15,9.035556999999999
15,13.145446999999999
15,6.456601999999999
15,7.177135000000001
15,5.160601
15,6.18269
15,8.462561
15,4.612495
15,18.231018000000002
15,8.921013
15,12.289809
15,3.780814
15,26.01991
15,25.855649
15,6.100694
15,13.272525
15,34.850241
15,10.178547
15,5.781033
15,36.061751
15,13.513851
15,7.620069999999999
15,28.475164
15,18.397393
15,4.511246
15,8.637637999999999
15,6.608002
15,7.309837
15,6.376425
15,31.779630000000004
15,6.561102
15,22.620732
15,4.2226740000000005
15,5.570535
15,7.534707
15,7.18279
15,10.502772
15,14.742638000000001
15,6.762556
15,34.237320000000004
15,7.298203
15,7.889043999999999
15,5.581665
15,9.667681
15,5.107933
15,31.64223
15,52.555035
15,14.755538
15,6.0979470000000005
15,15.606147
15,21.040736000000003
15,20.09563
15,4.765901
15,14.187275
15,12.606606
15,16.228638
15,5.448078000000001
15,8.677651999999998
15,23.081678
15,4.786905
15,5.921345
15,32.216069
15,4.667765
15,34.721101
15,13.141913
15,4.925822
15,41.268089
15,5.503318999999999
15,41.698401000000004
15,28.150497
15,9.298712
15,7.892387000000001
15,3.6956390000000003
15,8.470946
15,29.341485
15,29.779942000000002
15,7.471505
15,29.845898
15,14.631129
15,20.299171
15,5.542855
15,4.775465
15,8.378729
15,5.607189
15,11.714264
15,39.340868
15,16.076638
15,34.350184999999996
15,11.814119
15,29.832895
15,19.459355000000002
15,8.144906
15,29.244374999999998
15,4.930282
15,7.469554
15,11.703814999999999
15,20.250899999999998
15,5.164018
15,7.369874
15,8.360057000000001
15,43.933645
15,8.049465
15,6.281860999999999
15,11.333343
15,29.347436000000002
15,22.408897
15,4.994756000000001
15,10.567656999999999
15,39.003245
15,34.328395
15,4.011363
15,5.789151
15,3.9381340000000002
15,18.469706
15,8.239929
15,5.396484
15,8.705278999999999
15,5.385670999999999
15,5.68006
15,4.286825
15,5.585301
15,38.50527
15,12.160369000000001
15,4.381735
15,4.55863
15,15.843684999999999
15,25.759488
15,26.852994000000002
15,31.973174
15,8.030737
15,32.377458
15,11.942235
15,7.375192
15,8.502993
15,37.973875
15,8.383998
15,16.912139
15,8.881405
15,7.36949
15,5.3647469999999995
15,10.786807000000001
15,11.86018
15,9.043560000000001
15,7.22564
15,5.3946760000000005
15,31.327136
15,28.830225000000002
15,7.3237179999999995
15,21.958562
15,17.81106
15,26.662864000000003
15,6.304622999999999
15,11.658303
15,5.982224
15,4.505711
15,4.447451
15,6.267843
15,39.261449
15,14.586236000000001
15,15.697363
15,7.499836999999999
15,7.080692
15,7.674257
15,15.046529
15,16.943381
15,41.716653
15,34.661807
15,6.712453
15,11.652711
15,16.593388
15,6.576956
15,7.909857
15,21.677045
15,7.9352160000000005
15,8.295050999999999
15,26.665473
15,4.638164
15,46.128935000000006
15,9.218735
15,29.122242
15,7.5828809999999995
15,5.092248
15,11.550612
15,7.6884939999999995
15,4.628272999999999
15,7.482049
15,12.454322
15,18.005413
15,6.298355
15,4.08736
15,40.761480000000006
15,10.922514
15,10.228905
15,8.929781
15,10.272319
15,27.327621
15,4.6349670000000005
15,5.799563
15,5.222316
15,5.299431
15,12.042111
15,3.562701
15,19.536804
15,36.811550999999994
15,31.065322
15,29.070770999999997
15,23.677495999999998
15,8.101377999999999
15,20.859157
15,8.633897
15,13.044099
15,9.385589
15,14.921581
15,8.304719
15,7.105343
15,33.554679
15,13.872009
15,7.119413
15,7.5226679999999995
15,28.829852
15,7.923807999999999
15,32.007392
15,14.954995
15,29.158659
15,40.894261
15,9.280842
15,16.028901
15,38.0403
15,20.369018
15,6.099054
15,13.756392
15,40.000997000000005
15,18.933044
15,6.013321
15,16.167866999999998
15,26.511622
15,6.641536
15,15.471108000000001
15,5.929263
15,6.385996
15,13.031414
15,3.495226
15,7.889514999999999
15,39.8467
15,11.476351
15,21.573691999999998
15,40.411085
15,8.739877
15,36.452870999999995
15,5.001334
15,24.786711
15,8.572234
15,11.179331000000001
15,4.990374
15,9.522053000000001
15,9.032528
15,4.361516
15,10.882275
15,6.155549
15,9.686988000000001
15,15.490979
15,5.785318
15,11.351293
15,28.127767000000002
15,9.5666
15,6.461574000000001
15,34.763927
15,4.341121
15,10.236398000000001
15,8.267579000000001
15,4.243449
15,45.093039000000005
15,34.584323
15,8.54006
15,32.561569
15,8.511951
15,26.345596
15,9.764602
15,6.203412
15,9.381171
15,5.122672
15,28.442832000000003
15,8.574776
15,31.186861999999998
15,25.281213
15,10.384976
15,22.082393
15,6.201582
15,24.330817
15,19.545725
15,4.366662000000001
15,12.231785
15,5.430574
15,8.052382
15,7.9029110000000005
15,5.601282
15,4.4825990000000004
15,25.650843
15,8.345146
15,6.733501
15,6.865873
15,4.533269000000001
15,14.290611
15,6.886565
15,13.779162
15,8.581291
15,41.767604999999996
15,6.562232000000001
15,6.326332
15,5.609979
15,13.907322
15,10.374080000000001
15,22.823433
15,10.336158999999999
15,32.362857000000005
15,21.761917
15,26.886647
15,11.329549
15,37.609660000000005
15,8.024751
15,22.714941
15,10.169794
15,5.646567
15,10.187956999999999
15,18.253301999999998
15,7.348672
15,3.49159
15,6.58808
15,8.240722
15,33.517177000000004
15,40.518486
15,21.375247
15,40.407664000000004
15,4.259117
15,7.720152
15,9.877343
15,39.194355
15,23.16101
15,33.006579
15,8.050657
15,6.273626
15,4.169863
15,8.419288
15,5.526452
15,8.411254
15,5.825172
15,12.997115
15,9.129362
15,5.66317
15,39.671623000000004
15,45.403313
15,9.058947
15,19.756921000000002
15,9.56124
15,5.094134
15,11.641506
15,4.797733
15,31.844046000000002
15,31.712347
15,6.770427
15,14.447421
15,6.127883
15,5.415216
15,6.950715
15,27.877851
15,7.417196
15,7.867066
15,9.524349999999998
15,39.109546
15,12.978855
15,15.393165999999999
15,6.7846720000000005
15,29.251676
15,6.593459999999999
15,8.20769
15,6.735193000000001
15,6.821340999999999
15,5.203359
15,5.952418
15,7.63793
15,17.130406
15,5.762129000000001
15,7.526993
15,8.491473
15,38.903035
15,9.87523
15,19.757443
15,30.140753999999998
15,4.783959
15,4.272031
15,8.118894999999998
15,11.862435
15,32.498478999999996
15,9.855357999999999
15,6.1809769999999995
15,29.080833000000002
15,9.936263
15,5.632301
15,9.752234999999999
15,23.015266
15,3.728084
15,9.857322
15,26.117126000000003
15,3.887775
15,11.418545
15,9.030593
15,9.867027
15,28.766149000000002
15,30.578515
15,7.592064
15,4.878643
15,6.697029000000001
15,2.6576180000000003
15,7.896986999999999
15,6.450409
15,5.325532
15,7.137006
15,40.561576
15,7.525989
15,5.220602
15,9.183981000000001
15,5.640154
15,12.231948
15,25.438817
15,4.601157
15,7.688263
15,6.268947000000001
15,13.998114000000001
15,5.792838
15,5.46994
15,40.634062
15,6.798872
15,4.688974
15,17.275664
15,16.151321
15,11.062122
15,8.420221999999999
15,29.128049
15,39.043583
15,30.614237999999997
15,42.312906
15,18.845167
15,6.269488
15,7.00533
15,6.142187000000001
15,31.929762
15,24.831543
15,5.9829419999999995
15,16.477502
15,5.948333
15,43.216854
15,8.903681
15,5.381997
15,9.020858
15,7.631077
15,25.034423
15,9.075237999999999
15,5.799576
15,7.125282
15,30.138906
15,34.802800000000005
15,17.08401
15,11.660309
15,8.083798999999999
15,8.848291
15,10.551782
15,40.061965
15,6.620074
15,36.573042
15,31.803518000000004
15,6.074569
15,14.486297
15,9.636665
15,9.999556
15,29.431918000000003
15,9.183133
15,20.287044
15,27.98403
15,10.287167
15,7.541695
15,8.366046
15,7.938028999999999
15,4.858207
15,5.4006549999999995
15,14.801107
15,11.780379
15,12.374026
15,25.804763
15,10.331564
15,12.673909
15,5.148305
15,32.281025
15,7.254349
15,9.606336
15,42.800257
15,11.02528
15,19.620162999999998
15,5.436237
15,7.656209
15,10.386325
15,34.037005
15,6.637179
15,15.354817
15,6.4854020000000006
15,10.183525000000001
15,4.378998
15,11.025967
15,8.821154
15,4.3283760000000004
15,4.937323
15,41.306084
15,7.492673
15,5.329318000000001
15,5.203554
15,11.468248
15,5.234629
15,22.515751
15,10.544915999999999
15,31.901639000000003
15,6.142892
15,23.783450000000002
15,41.582913999999995
15,6.391919000000001
15,3.8039169999999998
15,11.364861000000001
15,6.927342
15,8.730296000000001
15,33.62909
15,16.210726
15,16.377108
15,31.793087999999997
15,40.033287
15,5.921461
15,8.3067
15,8.256849
15,20.939748
15,5.703353000000001
15,4.679288000000001
15,18.564002
15,4.747503999999999
15,26.421942
15,10.556819
15,3.783831
15,31.830778999999996
15,26.66177
15,2.579363
15,6.741144
15,12.371152
15,12.767323000000001
15,16.003377
15,7.070485
15,11.626733
15,31.132486
15,11.738809
15,31.437911
15,34.189379
15,14.296298
15,30.703879999999998
15,5.566281
15,5.171309
15,4.913155
15,8.382875
15,12.756174
15,24.540616
15,10.180420000000002
15,10.444897999999998
15,18.117325
15,5.904871
15,23.200764
15,16.027513
15,9.120536
15,5.292617
15,32.27076
15,5.467225
15,4.521268
15,7.458975
15,12.987703
15,20.796426999999998
15,6.2985489999999995
15,5.249931
15,7.646019000000001
15,8.049192999999999
15,18.05314
15,15.831234
15,7.354229999999999
15,12.441937
15,5.567308
15,8.191519
15,7.034416
15,32.149523
15,2.9867280000000003
15,25.119184
15,8.226494
15,4.462027
15,5.0027930000000005
15,40.972723
15,23.804949999999998
15,9.248143
15,8.253226000000002
15,9.994309
15,10.446709
15,11.801071
15,21.670994999999998
15,7.1212979999999995
15,6.704886999999999
15,7.989755
15,24.428669
15,41.074007
15,17.180437
15,4.684771
15,8.761303
15,7.246197
15,9.222552
15,10.031602000000001
15,5.011766
15,5.964009
15,6.091877
15,7.7241
15,10.857374
15,10.436423999999999
15,5.875747
15,3.432157
15,33.932735
15,21.583533
15,9.553059
15,10.547951999999999
15,8.903692
15,6.880081
15,6.629781
15,14.502298
15,32.520914999999995
15,41.727143
15,7.009711
15,9.269991
15,16.770543
15,10.539644000000001
15,3.939273
15,30.07912
15,12.103947
15,4.886184
15,6.855633
15,37.183945
15,38.992463
15,2.5486850000000003
15,10.857433
15,9.877796
15,5.831977999999999
15,6.14112
15,7.016808
15,42.191416000000004
15,6.229089999999999
15,26.936764
15,4.216242
15,43.496064000000004
15,15.833321000000002
15,7.993004
15,11.183905
15,18.366094
15,6.253995
15,8.137683999999998
15,3.489351
15,21.213421
15,7.189965000000001
15,35.702355999999995
15,6.691840999999999
15,11.874419000000001
15,33.509750999999994
15,4.876156000000001
15,3.4551909999999997
15,11.4942
15,7.229229999999999
15,46.607721999999995
15,6.445538
15,4.391796
15,27.31124
15,6.2002239999999995
15,30.670049000000002
15,18.921787
15,5.437458
15,2.4743399999999998
15,17.789428
15,4.125280999999999
15,20.013967
15,42.337105
15,9.420671
15,13.211082000000001
15,5.591486
15,37.778580999999996
15,3.956686
15,27.551908
15,39.134629999999994
15,28.940220999999998
15,29.352370999999998
15,6.784218
15,28.127243
15,4.760999999999999
15,5.993345
15,4.536691
15,9.053478
15,11.996445999999999
15,5.8353720000000004
15,14.708852
15,17.846642
15,20.797542
15,36.017673
15,5.39199
15,2.585118
15,9.489963000000001
15,4.617778
15,37.6964
15,12.972919
15,13.713358
15,19.295976
15,14.426537
15,18.352885
15,8.907761
15,7.781599
15,6.266438
15,6.025537
15,4.742439
15,28.982575
15,4.964733
15,40.415157
15,12.289463000000001
15,15.358823000000001
15,49.003887000000006
15,9.988452
15,8.048649999999999
15,43.036719
15,13.255175
15,7.557605000000001
15,37.221154999999996
15,7.435275
15,9.335738
15,6.008012
15,28.602634
15,6.261182
15,5.929501999999999
15,6.217624
15,7.634115
15,10.667243
15,7.5644919999999995
15,7.2843279999999995
15,5.672595
15,7.329288
15,16.907342
15,10.244603999999999
15,10.890295
15,7.403026
15,7.845059
15,17.03812
15,7.71493
15,36.818413
15,5.1989540000000005
15,6.052289
15,8.626408
15,17.790329
15,5.3111749999999995
15,27.996398
15,2.798539
15,5.541903
15,12.835704999999999
15,6.122807
15,4.896724
15,15.98741
15,11.914119000000001
15,40.26275
15,4.617234
15,36.467643
15,4.589351000000001
15,26.292317999999998
15,21.697419
15,7.413130000000001
15,6.964434000000001
15,5.493106999999999
15,29.063513999999998
15,10.636423
15,9.429215
15,44.400875
15,15.660160999999999
15,14.538967
15,7.212589
15,23.738439
15,7.458144
15,8.176173
15,5.723614
15,9.789251
15,15.827304
15,27.013017
15,48.878554
15,27.331578
15,32.522971999999996
15,6.975424
15,6.977751
15,5.770886
15,10.669001
15,5.1338
15,14.847707
15,22.359479
15,18.670895
15,6.557459
15,30.218794
15,25.027565000000003
15,9.249168000000001
15,19.072322
15,5.466899
15,6.284879
15,24.364207
15,4.816928
15,9.969623
15,15.129434
15,34.651785999999994
15,8.493733
15,14.887893
15,11.607924
15,7.52586
15,34.100575
15,33.048704
15,35.421556
15,34.937641
15,6.674753
15,9.427226000000001
15,4.839
15,6.643591
15,7.708394999999999
15,4.63695
15,38.246608
15,36.580957
15,9.344487
15,21.972755
15,6.321205
15,7.934049
15,8.009405000000001
15,18.901788
15,11.718164999999999
15,11.092652
15,33.011634
15,23.83636
15,5.227949
15,4.04584
15,3.7547140000000003
15,20.679102
15,18.524384
15,17.107958
15,27.063475
15,39.260459999999995
15,41.568408
15,5.807772
15,4.630171
15,15.887590999999999
15,12.519324
15,7.3909650000000005
15,22.013941
15,5.52011
15,40.142297
50,74.94131399999999
50,214.221097
50,119.800254
50,92.18220000000001
50,60.019899
50,134.732459
50,107.083552
50,42.062321
50,9.242892000000001
50,25.855216
50,130.870388
50,37.925090000000004
50,2.318029
50,2.0620629999999998
50,14.661638
50,147.597087
50,5.266466
50,25.433652000000002
50,14.587539999999999
50,146.57283500000003
50,46.867984
50,2.733717
50,6.1257530000000004
50,17.903375
50,144.57843300000002
50,3.311874
50,126.924429
50,175.87676399999998
50,136.788399
50,151.78796599999998
50,108.761836
50,3.105546
50,121.608467
50,145.465955
50,77.564671
50,4.678114
50,5.458226
50,2.938855
50,15.775836000000002
50,138.623258
50,5.070930000000001
50,140.93155299999998
50,169.956347
50,1.148864
50,6.836848000000001
50,16.886070999999998
50,4.163646
50,5.5366670000000004
50,166.124148
50,7.164141
50,14.485819000000001
50,4.070338
50,8.561112
50,185.806005
50,165.12754800000002
50,8.124394
50,6.487486
50,115.258892
50,4.181164
50,140.29839099999998
50,132.837089
50,148.923161
50,6.898535
50,150.90425199999999
50,11.100656
50,8.634217
50,47.457261
50,163.793681
50,10.811967000000001
50,1.575384
50,11.121433
50,3.496934
50,137.59954499999998
50,4.32738
50,154.171629
50,64.84238500000001
50,143.73044099999998
50,17.165831999999998
50,8.213638000000001
50,2.939313
50,153.07061299999998
50,6.543948
50,120.507874
50,2.362482
50,10.698879999999999
50,38.1904
50,29.85204
50,35.816863999999995
50,3.387207
50,24.242991
50,38.974061999999996
50,125.20220000000002
50,119.822384
50,43.594655
50,7.058242
50,147.59770799999998
50,111.835322
50,6.600956
50,147.097842
50,4.255474
50,33.486787
50,23.866103
50,179.243521
50,120.982732
50,134.75938200000002
50,3.389484
50,10.508645000000001
50,2.135466
50,136.555242
50,3.286975
50,161.79485599999998
50,129.644743
50,2.560532
50,13.800649
50,15.372497000000001
50,84.537826
50,10.959448
50,2.838353
50,47.487364
50,7.802370000000001
50,132.41730800000002
50,24.938772
50,21.623251
50,11.593783
50,150.353726
50,11.12653
50,3.256982
50,5.243512
50,60.321639000000005
50,42.589045
50,19.048942
50,39.586509
50,149.288895
50,10.679149
50,185.491366
50,100.949946
50,14.185256
50,3.2322610000000003
50,2.909518
50,35.619284
50,5.714128
50,161.686295
50,44.924618
50,5.18254
50,41.848071
50,3.704873
50,8.692797
50,4.365293
50,102.691803
50,5.349562000000001
50,11.83844
50,5.209887
50,89.44965
50,8.546984
50,144.73746500000001
50,45.799488
50,4.6183320000000005
50,101.482782
50,5.249333999999999
50,163.964678
50,128.01384800000002
50,145.253854
50,2.7920499999999997
50,2.405346
50,159.219952
50,5.2511779999999995
50,2.059549
50,4.05206
50,4.172266
50,13.478497
50,7.532202
50,166.557162
50,20.768261
50,5.9378850000000005
50,141.86747
50,141.874499
50,9.939907
50,111.65301
50,70.745524
50,43.544475999999996
50,2.874536
50,7.372088
50,4.197521
50,155.622118
50,10.470521999999999
50,125.190472
50,111.24136399999999
50,7.644639
50,103.320356
50,9.939956
50,24.113203
50,44.620597999999994
50,148.308069
50,67.067256
50,4.31781
50,4.192321
50,51.81553400000001
50,198.936344
50,17.494896
50,10.911719999999999
50,42.327005
50,4.834949
50,81.610624
50,3.77088
50,2.5919179999999997
50,2.71197
50,6.567788
50,133.433379
50,25.742392
50,48.502193999999996
50,4.72517
50,87.681832
50,169.134519
50,178.63800799999999
50,180.525895
50,2.321147
50,156.436022
50,5.013299
50,21.160137
50,2.16161
50,5.955284
50,12.558537
50,12.429792
50,151.757107
50,138.968013
50,96.954361
50,136.65892399999998
50,1.944433
50,147.324499
50,6.398467
50,151.53099
50,11.761894
50,111.81938099999999
50,53.339285
50,112.795886
50,18.609969
50,114.75123099999999
50,26.944393
50,149.952145
50,8.75862
50,90.32008599999999
50,1.519976
50,103.616997
50,1.101043
50,4.29988
50,22.54618
50,2.588564
50,11.975131
50,127.519301
50,47.601246
50,14.206926999999999
50,137.228368
50,48.395288
50,145.442902
50,125.455171
50,116.574256
50,37.487132
50,31.676346000000002
50,116.573858
50,50.791251
50,138.155271
50,17.084426999999998
50,6.383884999999999
50,4.6700669999999995
50,139.01516999999998
50,12.398413
50,127.485677
50,35.885025
50,108.973664
50,61.806019
50,3.771843
50,8.453035
50,60.996215
50,4.996017
50,4.768823
50,13.737651999999999
50,4.933534
50,8.292122
50,7.560609
50,148.69701799999999
50,62.969805
50,22.249376
50,47.775162
50,7.583171
50,11.502941
50,112.19344600000001
50,72.091363
50,48.395696
50,130.10570900000002
50,6.383068000000001
50,41.406040999999995
50,61.124188000000004
50,146.546798
50,5.002681
50,2.62027
50,11.340764
50,2.9674139999999998
50,2.786385
50,12.669238
50,130.707762
50,113.51253
50,2.714439
50,12.625844
50,40.640347
50,148.02267
50,125.10915899999999
50,126.52464599999999
50,4.615442
50,13.388197
50,145.494724
50,137.114656
50,132.521843
50,26.291722
50,44.317914
50,5.068882
50,141.99677699999998
50,76.665124
50,38.630783
50,122.786418
50,125.31666899999999
50,44.535485
50,5.191981
50,4.7802
50,3.4525580000000002
50,57.181616
50,10.561908
50,3.278668
50,120.35654899999999
50,135.328746
50,17.143735
50,7.152111
50,59.165746999999996
50,125.162151
50,7.853382000000001
50,38.194334000000005
50,2.553239
50,9.010871
50,18.522448
50,151.16428100000002
50,3.634134
50,32.140972
50,29.089199
50,13.193349
50,11.454787
50,141.32371
50,154.489832
50,26.134919
50,1.9737359999999997
50,3.0738250000000003
50,126.744889
50,16.352772
50,37.280788
50,65.6194
50,14.321042
50,124.677943
50,38.347028
50,15.871735000000001
50,14.912893
50,128.15041499999998
50,6.542801
50,32.067061
50,135.887637
50,113.470905
50,7.080324
50,16.224018
50,45.218962000000005
50,13.885727000000001
50,3.696796
50,2.734593
50,147.761176
50,107.539025
50,2.551655
50,135.858792
50,43.052106
50,1.492111
50,80.837205
50,124.440677
50,48.239548
50,10.011489000000001
50,142.662985
50,143.730792
50,63.248255
50,6.805804999999999
50,5.2824860000000005
50,1.5181719999999999
50,65.80684600000001
50,61.480623
50,148.11897
50,38.489748
50,13.483308
50,74.737532
50,91.069762
50,91.207699
50,7.387106
50,2.929232
50,5.321303
50,6.066001
50,62.504243
50,135.637922
50,55.349576
50,14.329652999999999
50,15.002592
50,12.796129
50,28.822754999999997
50,9.727061
50,1.723255
50,46.262843
50,13.635111
50,2.763198
50,101.973398
50,6.431043
50,8.593791
50,3.079663
50,59.831147
50,8.521719000000001
50,28.454469
50,60.784319
50,168.22210800000002
50,119.270692
50,132.966508
50,2.721659
50,7.6735750000000005
50,5.362539
50,6.6016010000000005
50,5.66601
50,17.774575000000002
50,126.10560300000002
50,7.122661
50,5.840927
50,4.517372000000001
50,50.811978
50,19.169163
50,138.86126800000002
50,130.874836
50,5.811185
50,24.973180000000003
50,41.419712999999994
50,11.166229
50,160.614873
50,126.754266
50,41.400353
50,3.178526
50,10.257964
50,2.881803
50,7.888535
50,27.254977
50,9.062868
50,46.304012
50,131.16577099999998
50,136.21895800000001
50,103.093197
50,116.01795299999999
50,143.397944
50,96.301237
50,2.280196
50,11.290066
50,151.008524
50,135.631869
50,17.367797
50,14.771905
50,17.360965
50,130.275858
50,11.942581
50,155.371574
50,11.758986
50,10.721826
50,34.371588
50,7.130574
50,2.566956
50,38.506431
50,120.172163
50,43.09521
50,13.889359
50,5.221969
50,64.003376
50,168.048914
50,20.553895999999998
50,90.222731
50,44.636908000000005
50,16.759621
50,30.172033000000003
50,41.251284999999996
50,2.633961
50,15.052215
50,45.308754
50,127.474436
50,43.354774
50,48.17007
50,14.4002
50,143.963469
50,3.745437
50,46.384125999999995
50,170.16510200000002
50,56.287155999999996
50,30.267077
50,42.272527
50,221.55077
50,95.68998099999999
50,9.657974
50,2.013699
50,32.566665
50,1.201368
50,130.292763
50,45.197548
50,149.98945999999998
50,27.511459
50,97.997286
50,5.572749999999999
50,109.516881
50,53.054825
50,13.933633
50,29.852954
50,4.966647
50,13.799266
50,104.747291
50,157.870971
50,88.901575
50,35.372809
50,63.964294
50,4.717675
50,142.178562
50,3.452079
50,1.890986
50,5.8978980000000005
50,2.33873
50,119.872489
50,129.517705
50,168.75355
50,11.163461
50,2.611848
50,4.473006
50,3.843981
50,16.149771
50,135.090947
50,1.163303
50,65.94637300000001
50,26.634508
50,2.440734
50,4.114121999999999
50,12.701048
50,11.245700000000001
50,10.422728
50,45.386770999999996
50,3.22745
50,141.972191
50,27.729233
50,16.379366
50,7.662185
50,12.681163
50,4.591215
50,102.958729
50,168.251643
50,13.19158
50,120.083473
50,125.095923
50,110.29029799999999
50,261.200183
50,12.672218
50,142.800969
50,11.857394000000001
50,53.459064
50,135.390492
50,15.097513
50,45.911341
50,90.040941
50,146.074963
50,2.256081
50,6.911853
50,146.60466399999999
50,4.711049
50,14.586697
50,76.603726
50,15.687242000000001
50,6.167732
50,11.215523
50,12.979982
50,8.720655
50,69.813368
50,217.522857
50,142.768633
50,38.71409
50,40.613106
50,131.775586
50,29.912634
50,12.440025
50,13.63926
50,4.453035
50,140.270464
50,4.534533000000001
50,56.730376
50,4.501233
50,36.143060999999996
50,7.733353
50,13.251996
50,62.193965
50,8.229309
50,3.91208
50,153.78767
50,145.21202499999998
50,16.280795
50,6.9824850000000005
50,28.751525
50,41.707278
50,88.76049599999999
50,45.241582
50,75.188726
50,111.022161
50,112.928762
50,64.577724
50,38.027367999999996
50,140.453147
50,3.681465
50,161.267798
50,96.264737
50,95.654373
50,103.421903
50,16.033883
50,3.5846430000000002
50,4.776886
50,61.748564
50,4.750533000000001
50,137.344972
50,3.350962
50,104.778326
50,44.477988
50,75.063282
50,0.919799
50,7.413652
50,6.6967989999999995
50,6.721055
50,178.477708
50,11.754199
50,50.28698
50,75.651057
50,70.121241
50,3.095488
50,3.0693259999999998
50,4.345796
50,129.673553
50,93.289286
50,203.71025500000002
50,43.193113999999994
50,11.182828
50,144.343611
50,10.81405
50,210.63035
50,4.661455999999999
50,160.431312
50,26.209512
50,181.461272
50,96.043592
50,157.413399
50,9.006392
50,47.723628
50,44.843942
50,18.829871
50,5.1701239999999995
50,220.83165
50,137.270939
50,140.202345
50,69.357676
50,10.312392000000001
50,76.403538
50,144.13943300000003
50,18.087228
50,2.434468
50,155.61605600000001
50,160.20559400000002
50,21.290298
50,135.187171
50,5.740161
50,2.074925
50,4.484133000000001
50,155.616418
50,62.011815999999996
50,142.78947
50,103.726559
50,158.250786
50,7.913791
50,66.938796
50,41.785351999999996
50,132.076684
50,7.833514
50,147.813583
50,11.530679000000001
50,19.52457
50,40.779117
50,3.237508
50,3.666078
50,2.887504
50,8.613587
50,1.206141
50,10.547309
50,39.722494
50,41.335772
50,25.153015
50,2.420978
50,23.406439000000002
50,92.620036
50,196.474741
50,63.259994999999996
50,58.722664
50,137.935403
50,1.354233
50,151.82592
50,1.118528
50,11.383996
50,113.532956
50,90.536817
50,1.7263140000000001
50,3.281291
50,7.496791
50,2.1066040000000004
50,8.947685
50,2.172993
50,33.018614
50,5.689923
50,21.58767
50,11.202105
50,108.886466
50,40.250851
50,5.638113000000001
50,10.076464
50,6.904988
50,147.48705900000002
50,3.173479
50,6.598654
50,26.403788000000002
50,136.38761599999998
50,18.878944
50,43.481802
50,35.003219
50,2.921389
50,7.097121
50,14.937662000000001
50,5.6240630000000005
50,6.178213
50,145.842714
50,23.524038
50,136.430492
50,16.077079
50,62.739962999999996
50,132.333701
50,7.771795
50,0.888533
50,101.905103
50,4.201241
50,13.536739
50,12.907027999999999
50,127.568593
50,123.883102
50,4.047235
50,12.208994
50,162.769536
50,123.31302
50,141.231587
50,118.464596
50,3.446752
50,61.229697
50,18.708883
50,9.10058
50,14.922815
50,14.347095000000001
50,17.155058
50,14.407362
50,232.119344
50,13.77848
50,39.645224
50,8.332901999999999
50,77.14951500000001
50,12.608097
50,3.20093
50,6.217116
50,4.6923520000000005
50,135.467624
50,12.236227000000001
50,4.288816
50,9.008871
50,4.830051
50,159.720688
50,88.98624199999999
50,1.9941020000000003
50,50.787026
50,136.676395
50,29.975685
50,4.642357
50,1.24109
50,128.80434499999998
50,8.134068
50,2.9781730000000004
50,56.309457
50,128.774685
50,10.846332
50,28.661897
50,7.0607619999999995
50,52.019615
50,81.679348
50,150.67286299999998
50,144.264929
50,158.43655
50,7.3200210000000006
50,6.353957
50,155.047697
50,132.69346000000002
50,168.77537800000002
50,38.922478000000005
50,137.595225
50,24.560640000000003
50,194.358312
50,8.986373
50,147.993199
50,20.577013
50,69.63686
50,5.509825
50,3.603126
50,151.58770099999998
50,2.8070180000000002
50,35.613483
50,161.58669
50,172.55773399999998
50,11.228364
50,10.790752000000001
50,132.598658
50,128.561635
50,3.331675
50,155.28795300000002
50,10.764673
50,5.364380000000001
50,4.501036
50,74.612781
50,6.632396
50,4.352692
50,140.70774699999998
50,11.001594
50,40.854575
50,143.857643
50,7.340936999999999
50,166.010041
50,15.874933
50,4.213675
50,3.00768
50,130.37667199999999
50,9.072807000000001
50,6.656798
50,11.369874000000001
50,2.8137790000000003
50,13.635427
50,55.106655999999994
50,2.809282
50,5.788902
50,103.16643
50,47.520106999999996
50,12.082795
50,123.561102
50,150.731144
50,117.176105
50,114.364696
50,54.877584
50,4.436564
50,14.247556
50,22.622705
50,59.076556000000004
50,92.378958
50,98.916161
50,3.6401440000000003
50,19.856042000000002
50,2.755839
50,151.867295
50,7.582299
50,8.276776
50,144.043694
50,14.807474
50,138.60995
50,8.682637999999999
50,38.145976
50,152.371589
50,140.440766
50,136.817479
50,180.287419
50,11.600111
50,4.427162
50,6.987678
50,1.74429
50,8.734753
50,12.145997000000001
50,128.552018
50,4.898569999999999
50,154.185047
50,14.103694
50,138.738207
50,143.661259
50,3.8735079999999997
50,173.453951
50,13.472523
50,1.9907660000000003
50,11.143967
50,22.925330000000002
50,146.285721
50,10.524104
50,31.392588999999997
50,190.33344799999998
50,8.243847
50,3.8124059999999997
50,101.170772
50,24.430391999999998
50,2.298466
50,140.81748399999998
50,11.069372
50,5.0714820000000005
50,2.262251
50,40.157157999999995
50,140.948343
50,15.05548
50,2.5092030000000003
50,151.991513
50,11.273755999999999
50,4.403901
50,62.718323000000005
50,186.040594
50,164.190387
50,108.340829
50,37.398313
50,138.089717
50,6.5588809999999995
50,79.815682
50,5.2477849999999995
50,17.662813
50,141.576606
50,17.236415
50,96.202253
50,142.067649
50,60.585598
50,9.702852
50,8.763889
50,3.219389
50,142.345665
50,156.12033
50,28.175733
50,20.260314
50,37.581196
50,187.997051
50,7.0958749999999995
50,1.9897029999999998
50,6.982487
50,14.385115
50,143.911714
50,127.14298499999998
50,105.09229500000001
50,2.568211
50,43.91261
50,127.99444600000001
50,124.723884
50,3.3980040000000002
50,0.901347
50,137.146566
50,7.980994999999999
50,78.858569
50,146.479324
50,141.062222
50,121.755735
50,7.521472
50,12.396604
50,143.98076400000002
50,17.557118
50,154.859215
50,10.93388
50,15.481086
50,13.046963
50,3.670209
50,15.813194999999999
50,1.280958
50,105.843412
50,116.959442
50,3.143748
50,9.309545
50,44.67751
50,139.89553800000002
50,4.471999
50,111.312572
50,125.839419
50,3.75116
50,22.661902
50,71.30077899999999
50,47.715315000000004
50,1.721672
50,71.921069
50,9.741280999999999
50,3.555072
50,25.624283000000002
50,10.343869
50,8.622325
50,135.193663
50,4.477023
50,0.931319
50,10.983927
50,15.561066
50,7.836326
50,155.36123099999998
50,117.839406
50,58.468976
30,168.976322
30,103.149909
30,12.174219
30,3.8915669999999998
30,109.153502
30,82.367442
30,122.57423800000001
30,3.9112169999999997
30,67.340443
30,19.236850999999998
30,42.88186
30,8.757084
30,4.369609
30,8.44356
30,9.221188
30,25.383633
30,6.24252
30,26.312738
30,3.5697189999999996
30,93.108471
30,10.332754
30,8.201902
30,2.900914
30,126.203332
30,8.795358
30,3.7483109999999997
30,3.1816269999999998
30,100.356929
30,33.471544
30,5.678934
30,46.836614
30,3.763852
30,5.529179
30,1.438954
30,8.147606
30,8.988161999999999
30,101.04065399999999
30,86.921633
30,6.646537
30,4.045711
30,94.83237799999999
30,10.645211
30,9.919281
30,109.205229
30,8.814836
30,3.3643829999999997
30,51.546886
30,8.012870999999999
30,59.811049999999994
30,49.995172
30,119.405637
30,13.415335
30,86.51827
30,9.796266
30,11.182419000000001
30,83.487483
30,59.83388
30,36.911494000000005
30,91.928264
30,7.3111239999999995
30,66.960383
30,4.160074
30,37.443582000000006
30,59.944327
30,14.799173
30,26.983345999999997
30,113.98214700000001
30,3.755562
30,2.315826
30,3.652597
30,4.776346
30,11.544608
30,124.283649
30,61.722742999999994
30,1.082695
30,57.963811
30,11.309522000000001
30,9.7021
30,2.482786
30,73.499932
30,31.136743000000003
30,90.398099
30,3.585407
30,95.174781
30,15.682273
30,53.998348
30,75.728478
30,21.354391
30,82.028695
30,9.316395
30,3.809498
30,52.316441
30,10.307345000000002
30,34.651632
30,11.703038000000001
30,2.550518
30,115.674885
30,7.904425
30,3.19389
30,85.891989
30,31.82523
30,83.464945
30,31.016353
30,51.98551
30,9.985117
30,13.583775
30,92.976677
30,90.631507
30,44.504872
30,2.725817
30,5.125981
30,12.108922
30,13.414957999999999
30,55.208099
30,2.696258
30,7.436795
30,117.40166500000001
30,55.804399999999994
30,35.230686
30,96.63938399999999
30,11.216051
30,100.984431
30,10.955572
30,2.9188330000000002
30,61.279556
30,41.240841
30,95.912782
30,6.853255
30,3.095056
30,57.227503
30,92.42479300000001
30,72.380985
30,1.67175
30,159.42261499999998
30,6.664293
30,4.728111
30,16.836820999999997
30,4.229076
30,76.98229199999999
30,29.381405
30,81.664536
30,69.28951699999999
30,104.27162600000001
30,11.083336
30,5.356905
30,105.229892
30,61.589155999999996
30,99.431531
30,12.386991
30,4.49582
30,54.52038
30,123.807699
30,63.55751299999999
30,55.942564
30,29.902123999999997
30,1.292236
30,7.385782
30,9.182981999999999
30,16.204936
30,9.924192
30,9.406047000000001
30,25.381552000000003
30,15.976688
30,75.770113
30,8.822312
30,5.119804
30,1.2635260000000001
30,7.13775
30,2.431791
30,45.804358
30,3.062362
30,131.18145
30,109.847532
30,6.749162
30,11.084064
30,114.807401
30,1.559624
30,43.61954
30,99.365615
30,5.600107
30,14.904948
30,4.761775999999999
30,75.83322600000001
30,7.5923229999999995
30,2.424347
30,14.295627999999999
30,74.062182
30,69.739926
30,95.710596
30,69.56479999999999
30,93.269294
30,3.9844340000000003
30,57.600955
30,10.111626000000001
30,64.04227999999999
30,99.68284600000001
30,5.939208
30,44.322721
30,11.197308
30,2.303356
30,2.451499
30,10.232356999999999
30,10.353651000000001
30,5.696200999999999
30,97.507878
30,112.948531
30,11.893598
30,23.495821
30,3.5293
30,11.246815999999999
30,18.598243
30,2.2794090000000002
30,89.74498
30,126.20398599999999
30,4.04218
30,1.511461
30,10.920689000000001
30,6.875535999999999
30,118.217209
30,116.089424
30,7.576735
30,15.743248000000001
30,2.585103
30,103.14191000000001
30,153.284003
30,14.292836999999999
30,3.200685
30,140.786674
30,34.012333999999996
30,23.080176
30,10.547032
30,4.271737
30,6.333705
30,2.802544
30,8.431443
30,2.507625
30,3.448575
30,57.658530999999996
30,19.134483
30,3.801647
30,9.051825
30,100.936576
30,25.852981
30,3.679052
30,50.770751000000004
30,119.541866
30,39.42633
30,28.142341000000002
30,3.9327
30,6.792224
30,12.616107
30,7.740922
30,2.4977419999999997
30,3.149558
30,10.58598
30,9.822459
30,2.294075
30,32.267561
30,95.272621
30,3.923393
30,75.60113799999999
30,50.016293000000005
30,68.96187900000001
30,18.97659
30,74.955282
30,135.002004
30,9.143642999999999
30,13.181871
30,89.950148
30,83.084323
30,113.88451099999999
30,5.888369
30,9.227959
30,2.326286
30,10.935903999999999
30,54.832958
30,53.381316999999996
30,35.36554
30,7.344812
30,87.358608
30,151.843028
30,25.93697
30,9.623918
30,155.455821
30,9.447579
30,39.241856
30,63.263966
30,38.053622000000004
30,103.643237
30,135.55444699999998
30,105.176513
30,31.449742000000004
30,1.5858
30,10.019227
30,7.619047999999999
30,117.874485
30,11.223377
30,74.40778
30,98.46880700000001
30,4.631771
30,77.32489
30,4.536592
30,11.215419
30,10.166056
30,10.022107
30,87.693242
30,39.903864999999996
30,2.916036
30,56.716037
30,26.847768000000002
30,31.305543999999998
30,10.845671
30,89.174761
30,29.093971
30,9.612038
30,74.030655
30,160.74702499999998
30,6.08366
30,3.124338
30,10.955838
30,58.494293000000006
30,4.569579
30,4.474215
30,13.564825
30,70.714426
30,96.88745899999999
30,10.25258
30,29.121007000000002
30,3.02196
30,10.067958
30,133.727247
30,5.390839
30,61.188196
30,5.278627999999999
30,67.186945
30,7.832594
30,6.963403
30,81.90895900000001
30,31.628332
30,2.725768
30,58.324491
30,137.218796
30,148.378298
30,93.079008
30,111.354839
30,108.303824
30,3.343649
30,9.988738
30,1.5119129999999998
30,30.591416
30,106.394544
30,41.345181000000004
30,60.424058
30,15.821239
30,46.659150000000004
30,7.891923
30,93.57067199999999
30,5.340254
30,6.534948
30,9.618675
30,104.969016
30,2.768817
30,84.25068800000001
30,20.669535999999997
30,3.017311
30,3.556585
30,21.747481
30,10.87753
30,175.882687
30,7.252283
30,3.556813
30,5.227519
30,13.992835
30,65.007685
30,1.821706
30,9.384121
30,37.926496
30,109.175975
30,15.285856
30,2.772668
30,6.728936
30,37.86113700000001
30,2.421673
30,24.320406
30,3.78955
30,12.751948
30,3.003991
30,117.632444
30,45.734406
30,101.115104
30,9.854972
30,125.125444
30,117.717004
30,38.940484999999995
30,37.108013
30,8.53206
30,12.176371999999999
30,108.803387
30,3.1041950000000003
30,2.843525
30,81.501243
30,50.475375
30,35.251857
30,87.033981
30,3.286862
30,22.089865
30,45.482997
30,50.265197
30,7.807103000000001
30,44.536077999999996
30,14.620553
30,45.885534
30,85.425697
30,9.786686
30,9.794151
30,1.260561
30,22.593514
30,82.022435
30,59.016372999999994
30,6.078022
30,30.374471
30,155.677248
30,8.455483999999998
30,86.228366
30,30.665128
30,8.191319
30,8.266961
30,110.031336
30,80.040519
30,56.98612
30,20.576463999999998
30,11.043505
30,62.69838599999999
30,2.606925
30,16.314011
30,3.8408230000000003
30,10.535169
30,98.205738
30,37.198188
30,106.71893200000001
30,12.886315
30,4.537888000000001
30,46.247316
30,91.08056
30,4.40149
30,104.27604
30,59.766284000000006
30,2.017036
30,8.167357
30,83.89875199999999
30,28.642493
30,8.729653
30,3.302296
30,40.669982
30,11.761414
30,48.644169
30,43.050793
30,11.062719
30,88.90640900000001
30,8.359831999999999
30,9.340664
30,27.615775
30,18.31714
30,2.987622
30,104.57601299999999
30,1.9256010000000001
30,30.17497
30,8.125134
30,9.009649999999999
30,28.338006999999998
30,42.966938000000006
30,22.077047
30,124.97314700000001
30,4.373414
30,31.34598
30,14.092397
30,10.165844
30,23.435622
30,1.309883
30,93.69498499999999
30,112.285389
30,47.336823
30,123.470715
30,9.120327
30,5.744832
30,104.60407500000001
30,4.310896
30,37.796424
30,95.997182
30,71.438189
30,28.570811000000003
30,8.49258
30,46.959829
30,3.7590890000000003
30,1.383588
30,33.482738999999995
30,75.999473
30,55.624295
30,80.730187
30,47.886747
30,85.13535
30,8.567339
30,100.618206
30,7.204998
30,3.4205669999999997
30,8.542949
30,125.035965
30,27.583838
30,15.997142999999998
30,7.933083000000001
30,108.312918
30,10.256838
30,65.082842
30,28.403866999999998
30,38.973517
30,38.446432
30,28.672941
30,7.838400000000001
30,99.781472
30,4.860727
30,62.972895
30,36.748018
30,15.356529
30,2.70411
30,108.338484
30,7.100557
30,29.917375
30,3.531116
30,96.976699
30,4.159574
30,126.25424900000002
30,85.982296
30,16.070300999999997
30,9.923958
30,64.261542
30,11.631541
30,15.979515999999998
30,6.919804
30,94.30551399999999
30,7.798788
30,13.581303
30,2.911697
30,11.207563
30,7.247931
30,2.148726
30,15.224145
30,7.051447
30,76.728868
30,10.627852
30,62.71241800000001
30,4.938527
30,3.495824
30,115.101679
30,5.7381400000000005
30,10.815401000000001
30,5.449946
30,19.153131000000002
30,108.006005
30,96.25201799999999
30,13.445272
30,5.519451
30,2.8227819999999997
30,50.566604
30,5.601544
30,31.865641
30,43.310635
30,29.255563
30,50.764337
30,5.183846
30,29.488049999999998
30,43.997217
30,12.343689
30,94.339962
30,8.312593999999999
30,3.0879760000000003
30,5.147707
30,70.434548
30,1.121343
30,50.1274
30,10.490957
30,43.303771999999995
30,56.188964
30,16.880807
30,6.529274
30,6.697012
30,108.369546
30,33.401667
30,28.689248
30,145.24307
30,102.194115
30,3.904088
30,38.967817000000004
30,104.528231
30,8.670208
30,4.955616
30,2.834375
30,10.038949
30,24.589834
30,98.090591
30,30.316336
30,65.421953
30,8.495470999999998
30,8.868794
30,48.66711
30,59.252298
30,41.479501
30,15.569975999999999
30,89.85429
30,16.591447
30,3.657216
30,76.328376
30,71.29290400000001
30,122.72834
30,56.92684
30,10.939855999999999
30,125.489936
30,7.681509
30,4.547357
30,49.582703
30,5.799533
30,11.566137000000001
30,28.600527
30,26.716549999999998
30,112.222928
30,105.412384
30,124.165739
30,8.578457
30,7.232805999999999
30,2.3773549999999997
30,13.279964
30,8.109900999999999
30,112.347421
30,119.330092
30,168.002868
30,6.428116
30,39.709276
30,22.12156
30,6.945403
30,41.389122
30,10.048935
30,36.632889
30,76.396721
30,116.943197
30,11.413701999999999
30,3.15419
30,10.768211999999998
30,82.21638200000001
30,10.102935
30,112.40304499999999
30,14.1279
30,8.166438
30,104.337478
30,82.50160199999999
30,3.4759550000000004
30,5.014783
30,61.715606
30,3.019898
30,88.67960699999999
30,10.610583
30,7.293947
30,68.186538
30,2.5512930000000003
30,9.083933
30,7.830012000000001
30,13.778221
30,9.814546
30,62.882450000000006
30,55.107599
30,112.148132
30,1.014262
30,114.41144
30,93.194448
30,7.756672
30,39.509345
30,29.91613
30,3.008714
30,114.156976
30,4.269635
30,3.169644
30,8.818451999999999
30,8.905904
30,3.9706539999999997
30,130.23406300000002
30,61.053022
30,20.296207
30,82.758466
30,3.447833
30,5.669933
30,21.217018
30,34.478229
30,3.7335710000000004
30,7.637484
30,2.753264
30,42.534776
30,17.553188000000002
30,108.31928500000001
30,141.230569
30,21.010304
30,71.593254
30,110.354992
30,97.539722
30,38.077349000000005
30,9.90654
30,27.676807
30,88.938317
30,85.679247
30,15.005956000000001
30,4.372644
30,50.37873
30,98.701397
30,93.05687999999999
30,13.357885
30,1.565683
30,4.354
30,117.80624
30,89.92793999999999
30,132.870243
30,124.31065199999999
30,15.243919
30,8.886685
30,6.080419999999999
30,3.003917
30,9.194571999999999
30,53.867377
30,74.121849
30,120.14943699999999
30,43.821265
30,2.592752
30,77.59225599999999
30,108.002346
30,8.769212
30,113.212109
30,43.286022
30,5.7113700000000005
30,13.801862
30,72.543093
30,32.20614
30,26.88616
30,5.078214999999999
30,11.605526999999999
30,70.703046
30,6.687983
30,60.743241000000005
30,51.755547
30,105.772583
30,98.879654
30,114.754278
30,49.710947999999995
30,5.454683999999999
30,4.034871
30,66.544507
30,2.902733
30,98.142858
30,77.294808
30,11.877068
30,58.965849
30,113.19355
30,5.993131
30,4.939187
30,3.7717739999999997
30,1.3690410000000002
30,21.852353
30,53.747369000000006
30,123.681967
30,87.6359
30,14.72334
30,19.477502
30,2.679919
30,59.299431
30,123.663067
30,2.858387
30,9.904691
30,3.74908
30,7.751473
30,67.020505
30,3.42643
30,62.347978
30,13.707443999999999
30,7.988416
30,97.96094
30,93.16187099999999
30,7.997055
30,19.554441999999998
30,62.957035
30,83.560276
30,103.336415
30,90.78094300000001
30,4.085002
30,83.436632
30,68.438801
30,33.455655
30,7.985086000000001
30,5.957369
30,3.5494760000000003
30,95.404113
30,6.331899
30,82.124902
30,71.76139199999999
30,26.97027
30,4.004596
30,69.983733
30,13.699722
30,3.631946
30,5.513637
30,95.586509
30,56.636237
30,2.8427510000000002
30,3.499453
30,62.464380999999996
30,81.921184
30,64.519267
30,82.39182000000001
30,93.317416
30,8.153735000000001
30,109.986508
30,106.345543
30,8.480264
30,54.824404
30,129.642331
30,69.726288
30,31.19955
30,93.758785
30,2.774511
30,8.875532
30,23.973401
30,97.539502
30,4.437677
30,33.248020000000004
30,20.573808999999997
30,107.500664
30,32.790329
30,34.965283
30,11.375859
30,64.443578
30,2.7678999999999996
30,32.684374000000005
30,11.08386
30,106.19030000000001
30,21.995217
30,118.95423500000001
30,88.534822
30,3.152429
30,8.996661
30,31.447661
30,100.453975
30,6.767967
30,45.053052
30,10.030323000000001
30,93.541071
30,14.352473
30,5.3566270000000005
30,93.005592
30,8.228773
30,124.838926
30,92.631119
30,19.659454999999998
30,2.157885
30,20.389668999999998
30,124.503842
30,51.13049
30,59.009762
30,85.044937
30,3.222416
30,11.894478
30,10.837428
30,33.066334000000005
30,21.175461
30,36.027956
30,4.8124020000000005
30,33.695127
30,111.93899
30,9.707759999999999
30,66.072489
30,4.8135840000000005
30,43.045649999999995
30,97.27092
30,9.712632000000001
30,13.789454
30,117.336206
30,25.652145
30,4.168245
30,15.542514
30,2.958787
30,93.13883200000001
30,10.338844
30,33.818768
30,108.867114
30,69.929406
30,78.018585
30,6.514753
30,72.330314
30,11.279328
30,6.46404
30,42.377209
30,4.47501
30,66.84964000000001
30,36.925947
30,5.094043
30,140.336842
30,18.683198
30,12.558075
30,21.654306000000002
30,54.526906
30,56.268094999999995
30,17.371551
30,17.488116
30,21.871892
30,5.864440999999999
30,87.992953
30,91.36525400000001
30,137.514149
30,4.575022
30,2.978994
30,74.608903
30,8.498567
30,114.041
30,5.611306
30,16.758685999999997
30,138.319652
30,142.949357
30,5.423088000000001
30,20.086388
30,74.39171
30,11.955191000000001
30,85.04187300000001
30,116.06216900000001
30,3.443934
30,4.854565
30,28.840359
30,11.226965
30,67.263564
30,10.945568
30,12.573394
30,121.604322
30,6.942233
30,82.687288
30,98.014996
30,40.485709
30,11.672876
30,4.70154
30,62.899306
30,3.862819
30,8.517598
30,124.45566600000001
30,17.0808
30,34.228046
30,10.273871999999999
30,7.273597
30,9.261714000000001
30,8.521147999999998
30,6.243484
30,7.978587
30,58.216548
30,38.271455
30,4.380648
30,3.559901
30,75.7303
30,14.512491
30,55.031974999999996
30,103.94114
30,90.894095
30,3.861185
30,11.558961
30,31.780202
30,98.613807
30,9.06384
30,3.9608000000000003
30,8.750348
30,49.642344
30,38.357698
30,97.498756
30,3.6662169999999996
30,65.76879600000001
30,18.335619
30,21.902202
30,111.264812
30,4.897124
30,3.9825429999999997
30,4.024827
30,55.583581
30,64.564544
30,49.649755
30,94.83116199999999
30,89.985424
30,53.343909000000004
30,123.862581
30,68.31087199999999
30,8.953078
30,37.483295999999996
30,5.17448
30,57.256930999999994
30,87.353697
30,84.499578
30,10.892644
30,8.617214
30,96.91710400000001
30,6.595175
30,22.715172
30,9.450015
30,6.466198
130,112.62614599999999
130,38.320674
130,30.492043
130,6.802962
130,25.320368
130,14.240371999999999
130,2.797567
130,36.140121
130,14.014955
130,1.563307
130,8.819631
130,5.370094
130,30.992781
130,6.868876
130,9.410206
130,6.169974
130,11.935872
130,24.262033
130,23.793478999999998
130,6.588089
130,9.538194
130,6.008524
130,7.275429
130,9.206466
130,26.316876
130,3.312703
130,4.440645
130,2.853371
130,30.996679999999998
130,6.042750000000001
130,13.458293
130,30.396566
130,10.306617000000001
130,9.485888
130,10.952904
130,5.100759
130,10.088911000000001
130,37.057842
130,2.318992
130,2.386936
130,7.100504
130,2.749563
130,5.343339
130,4.5405109999999995
130,36.473272
130,23.508338
130,5.550567999999999
130,8.278326000000002
130,5.031301
130,7.112847
130,2.057081
130,8.330606000000001
130,5.606108
130,13.205375
130,2.257886
130,3.1464309999999998
130,32.317824
130,2.8317039999999998
130,8.662008
130,5.002384999999999
130,34.419511
130,1.901792
130,25.593618
130,3.87802
130,13.517762
130,3.383422
130,2.7361590000000002
130,17.106606
130,28.608195
130,9.452957
130,22.643895
130,7.4694590000000005
130,16.857614
130,8.576238
130,2.093037
130,27.376910000000002
130,21.982969
130,1.7485650000000001
130,2.594911
130,13.138275
130,3.1880129999999998
130,4.978146
130,4.741219
130,2.68512
130,20.099909
130,4.222226
130,31.224018
130,35.19184
130,6.929691
130,2.38438
130,2.1649339999999997
130,9.455419
130,11.673184
130,27.923221
130,8.746212
130,12.792782
130,7.212039
130,10.370362
130,12.328731000000001
130,2.2280860000000002
130,22.491981000000003
130,16.26832
130,3.8503410000000002
130,9.742318999999998
130,32.223403
130,7.794192
130,5.251882
130,1.482173
130,33.297065
130,4.980747
130,39.596187
130,11.17408
130,15.444306999999998
130,11.581137
130,24.580243000000003
130,12.067309999999999
130,35.306783
130,3.0185519999999997
130,22.920975
130,8.767507
130,5.711315
130,7.18034
130,2.638809
130,26.506623
130,5.125368
130,1.8231359999999999
130,6.946495
130,2.356157
130,9.483527
130,16.22048
130,11.552206
130,16.811355
130,2.868403
130,10.061989
130,13.573128
130,3.122236
130,10.462629
130,34.583442999999995
130,6.760384999999999
130,8.602163
130,38.097381
130,3.738877
130,4.056806
130,4.607165
130,24.074575
130,10.071923
130,31.721561
130,7.827837000000001
130,32.899984
130,29.617402000000002
130,19.382588
130,6.156264
130,7.098288999999999
130,4.352367999999999
130,5.513078
130,4.353924
130,6.416510000000001
130,13.483307
130,7.079986
130,8.223856
130,17.921825
130,6.948984
130,32.852746
130,7.5748370000000005
130,3.401081
130,33.818623
130,15.320668000000001
130,18.62842
130,5.744567
130,36.298033000000004
130,8.270955
130,3.8996920000000004
130,38.262285
130,30.631985
130,2.7747290000000002
130,7.072382
130,33.308775
130,13.033456000000001
130,2.869286
130,4.012109
130,18.017068000000002
130,32.44121
130,30.900588
130,25.403232000000003
130,22.0244
130,19.788205
130,28.730741000000002
130,6.212471
130,6.883549
130,3.5070330000000003
130,18.392265000000002
130,7.0786240000000005
130,5.048283
130,7.142898
130,4.610785
130,30.578013000000002
130,3.415803
130,20.943836
130,8.207156
130,4.868413
130,32.037487000000006
130,4.1205110000000005
130,4.600371
130,19.497182
130,7.9022380000000005
130,1.7277010000000002
130,1.7264769999999998
130,7.835134000000001
130,4.9477519999999995
130,13.806481
130,10.725492999999998
130,33.773918
130,7.499253
130,6.333718999999999
130,17.086294
130,31.155301
130,19.778917
130,19.867006999999997
130,3.583431
130,22.975983
130,6.785418
130,3.110767
130,11.782651999999999
130,4.383893
130,6.869006000000001
130,34.806968
130,17.135953999999998
130,14.941334000000001
130,4.896723000000001
130,21.301174999999997
130,10.993549999999999
130,5.777466
130,5.621161000000001
130,8.391145
130,13.151861
130,26.751109
130,5.126691
130,2.214752
130,7.325196
130,5.767876
130,4.788252
130,7.935648
130,1.569209
130,2.5905590000000003
130,5.140071000000001
130,7.923544
130,15.477021
130,5.825092
130,26.59619
130,21.532728000000002
130,4.909567999999999
130,11.859131
130,1.853827
130,5.383831000000001
130,5.604006
130,2.49936
130,1.94309
130,14.674869
130,7.541476
130,22.031015
130,3.773717
130,28.680198
130,10.066139999999999
130,16.004106
130,4.495192
130,14.517510000000001
130,15.458256
130,10.051566
130,15.996223
130,22.725897
130,6.483303
130,5.078064
130,6.368053000000001
130,14.893442
130,27.804371
130,28.090468
130,4.415829
130,6.487702
130,17.223239
130,27.664023
130,11.267092
130,6.651848
130,4.556691
130,6.035866
130,8.860092
130,5.317146
130,4.276656
130,3.562459
130,13.883077
130,9.733036
130,35.381881
130,14.257297000000001
130,20.453712999999997
130,4.373773
130,33.335893999999996
130,9.113893
130,2.945329
130,33.188004
130,31.705082
130,6.242907
130,29.470173
130,21.075203000000002
130,8.040364
130,32.98777
130,10.119722
130,21.150682
130,8.618001
130,10.72738
130,31.527434
130,14.380454
130,2.496134
130,1.664827
130,1.713206
130,6.858161
130,38.989827
130,12.584420000000001
130,31.637605
130,7.1748080000000005
130,18.382144
130,6.076026
130,30.683134000000003
130,34.811855
130,20.76106
130,4.557130000000001
130,20.73667
130,32.466051
130,6.821992
130,5.291849
130,18.389975
130,12.969224
130,32.137476
130,11.923384
130,30.808945
130,31.815699000000002
130,10.642850000000001
130,26.723557
130,13.042351
130,20.320265
130,12.637855
130,33.868021
130,5.909064000000001
130,36.369673
130,9.479655
130,32.809701
130,11.454740999999999
130,16.598104
130,33.725280000000005
130,4.231301
130,4.010409
130,29.403136
130,17.084888
130,18.952741
130,3.921916
130,7.43361
130,14.374573
130,8.88482
130,3.187242
130,3.7137849999999997
130,9.045085
130,26.897713
130,7.299131
130,2.624971
130,6.567404
130,6.886494
130,3.9481289999999998
130,25.548364
130,3.7908389999999996
130,29.42368
130,30.921294
130,3.1695
130,3.722899
130,5.403542
130,2.3239549999999998
130,33.01826
130,29.599296
130,5.058654
130,2.775254
130,7.638336
130,2.902637
130,5.3898410000000005
130,11.89725
130,36.561216
130,22.042399
130,16.863272
130,3.4155040000000003
130,13.475769
130,34.880002
130,22.168944
130,7.217586
130,3.293071
130,3.129484
130,40.292753
130,28.367796000000002
130,7.318631
130,5.651230999999999
130,23.663611
130,18.464467
130,12.895244
130,8.685514
130,8.69464
130,10.140212
130,5.165470999999999
130,2.937409
130,16.564788
130,6.989126
130,24.385773
130,2.1247480000000003
130,34.223026
130,25.320925000000003
130,22.206352
130,1.505607
130,33.88105
130,18.731319
130,10.361497
130,5.954974
130,28.821592
130,6.453131
130,24.182669
130,4.407266
130,11.602075
130,31.989604999999997
130,4.631911
130,3.193102
130,5.202046
130,18.065302
130,7.276854999999999
130,6.985469
130,10.400979
130,18.811893
130,5.82534
130,33.117613999999996
130,32.4559
130,4.665021
130,26.977173
130,9.968786
130,34.564299
130,36.515088
130,3.8654319999999998
130,27.511083
130,15.180564
130,3.516728
130,19.994888
130,2.114752
130,33.52964
130,24.656824
130,1.6815879999999999
130,14.522821
130,2.0368999999999997
130,31.162834
130,21.992404999999998
130,24.061814000000002
130,7.695586
130,8.778572
130,18.223913
130,1.51555
130,5.108848
130,26.988736
130,5.063419000000001
130,17.744449
130,3.693221
130,11.938536
130,22.643672
130,19.387718000000003
130,20.29205
130,8.952817999999999
130,8.845288
130,32.929848
130,6.35084
130,18.231828
130,36.893003
130,31.063957
130,26.964384000000003
130,34.013452
130,2.739289
130,1.7877100000000001
130,16.562146
130,7.643236
130,11.519164
130,25.739314
130,29.690866
130,26.123086
130,11.135818
130,14.117414
130,5.5863830000000005
130,5.343307
130,5.751009
130,21.113066
130,14.129248
130,3.8118510000000003
130,1.768033
130,2.002895
130,4.941983
130,9.341977
130,5.694129
130,2.098267
130,24.437991
130,32.215502
130,7.070746
130,9.878817
130,18.153381
130,12.671005000000001
130,25.644832
130,5.611714999999999
130,11.248294000000001
130,23.329381
130,33.856389
130,5.526367
130,6.197337
130,2.931535
130,36.258155
130,31.009401999999998
130,3.484992
130,34.944984999999996
130,5.398183
130,7.906013
130,2.020055
130,3.308004
130,2.931613
130,1.653997
130,28.379535
130,34.207291
130,19.222445
130,13.044961
130,8.345347
130,36.000142
130,26.657249
130,4.00683
130,8.308487999999999
130,11.068185
130,5.063206
130,8.614843
130,3.6336060000000003
130,8.962294
130,6.474807
130,33.977793
130,6.562636
130,11.859482
130,20.738038
130,13.275314999999999
130,6.541596999999999
130,7.349615
130,19.307377
130,20.577062
130,12.55458
130,3.254777
130,6.308284
130,9.839089000000001
130,36.632038
130,9.433347
130,7.073303
130,2.529989
130,16.540562
130,6.5978959999999995
130,19.920534
130,11.173
130,3.3574479999999998
130,5.427809
130,6.663385
130,3.4472579999999997
130,21.284716
130,9.073162
130,30.958904999999998
130,17.852957999999997
130,18.548228
130,5.446533
130,12.4299
130,33.548942999999994
130,6.074735
130,6.11717
130,31.309592
130,5.448688
130,5.703658000000001
130,2.230771
130,6.477907
130,5.867968
130,24.115463000000002
130,5.211462
130,33.617478
130,35.582114
130,20.344872
130,1.856872
130,3.139706
130,28.614948000000002
130,37.509797999999996
130,4.761436
130,3.101617
130,24.285314
130,7.757918
130,1.890148
130,5.417842
130,16.757422000000002
130,18.819767000000002
130,2.032123
130,5.915850000000001
130,2.823967
130,15.38488
130,4.650878
130,2.29443
130,2.028721
130,7.831716000000001
130,10.256493
130,3.04264
130,21.064952
130,11.65761
130,3.639774
130,8.941746
130,7.045644
130,18.859554
130,21.459795
130,1.7147670000000002
130,10.111248999999999
130,29.093155999999997
130,33.41785
130,1.569943
130,7.5063070000000005
130,6.896580999999999
130,4.499884
130,1.779074
130,3.3073680000000003
130,14.366652
130,2.75123
130,26.174639
130,3.704044
130,34.173898
130,11.627321
130,19.605277
130,1.484928
130,1.7560550000000001
130,23.534388
130,11.454722
130,3.880991
130,8.7552
130,14.256098999999999
130,17.782213000000002
130,4.959143
130,7.027616
130,17.726571
130,3.221552
130,4.839245
130,23.415868
130,13.685987
130,11.043536
130,19.950564
130,15.51711
130,33.362042
130,32.939385
130,4.349079
130,7.1446130000000005
130,7.367641
130,22.357324000000002
130,5.469555
130,6.712354
130,28.419521
130,13.962873
130,31.283821000000003
130,36.767841000000004
130,17.385272999999998
130,23.615338
130,19.311182
130,17.154055
130,6.105524
130,35.495092
130,8.967369
130,13.58204
130,10.778925
130,34.514365
130,33.497507000000006
130,3.036634
130,4.7036489999999995
130,27.554935999999998
130,27.623609000000002
130,37.149857000000004
130,8.378847
130,5.248011
130,2.490359
130,7.0183219999999995
130,16.287712
130,5.746567
130,23.517195
130,23.913394
130,4.974273
130,14.099196
130,32.070499000000005
130,10.148196
130,4.633596
130,12.212107
130,4.322777
130,1.553906
130,11.931384
130,9.758789
130,24.821017
130,10.375321
130,22.810849
130,28.642672
130,7.741696
130,2.575018
130,28.208586
130,8.312000999999999
130,13.631423
130,6.397151999999999
130,18.305399
130,6.330241
130,3.4119889999999997
130,9.933021
130,28.584567000000003
130,10.698658
130,4.513714
130,1.690536
130,1.989794
130,6.850944
130,27.202544
130,32.90426
130,29.988287
130,6.409808
130,4.692649
130,4.368406
130,26.348368
130,10.47662
130,17.05625
130,5.043422
130,6.122042
130,2.641889
130,1.59454
130,3.997655
130,20.861781
130,19.828445
130,34.066799
130,30.15669
130,3.208491
130,4.1291
130,30.390295000000002
130,2.800216
130,2.909259
130,7.0352619999999995
130,3.69237
130,33.17094
130,2.7546570000000004
130,36.485798
130,11.282739999999999
130,6.398303
130,5.7036739999999995
130,22.143268
130,6.7995019999999995
130,19.988142
130,33.025024
130,15.256744
130,7.1870140000000005
130,8.44585
130,2.210062
130,3.4617519999999997
130,13.918996
130,36.549302999999995
130,38.617622999999995
130,26.925012000000002
130,2.3027249999999997
130,13.139076
130,4.3879779999999995
130,13.799911999999999
130,11.200964
130,1.9845549999999998
130,34.160376
130,20.271769
130,2.957368
130,37.997811999999996
130,6.704912
130,29.946783
130,22.173631999999998
130,8.862643
130,2.073835
130,3.357652
130,19.374184999999997
130,3.723664
130,1.642674
130,4.565564
130,6.774245
130,22.565302
130,12.15543
130,4.6681539999999995
130,12.804843
130,3.651471
130,20.531496
130,5.213070999999999
130,29.494347
130,2.536961
130,12.800169
130,20.932067
130,5.210131
130,33.177246000000004
130,5.031568999999999
130,12.69176
130,2.466318
130,29.415391999999997
130,34.784015000000004
130,2.788605
130,5.988459
130,35.835973
130,2.95488
130,23.741436
130,4.017389
130,6.404002
130,11.174956
130,7.134088
130,8.010361000000001
130,4.374644
130,3.0464260000000003
130,21.323276
130,3.569695
130,11.803941
130,15.852846
130,3.7180500000000003
130,17.873179
130,3.320087
130,3.190593
130,1.74297
130,4.163649
130,9.509343
130,4.277685
130,2.6915950000000004
130,19.075465
130,3.457463
130,3.355612
130,33.607524
130,3.92233
130,8.168643
130,10.115281
130,8.964966
130,3.783768
130,32.673773000000004
130,3.181352
130,13.080875
130,8.582040000000001
130,6.9989550000000005
130,22.343848
130,11.788817
130,23.347686
130,8.816104
130,24.180461
130,13.581021
130,23.618613
130,18.795616000000003
130,5.638632
130,16.509383
130,5.413492
130,20.69679
130,30.014508
130,6.2770209999999995
130,37.338339999999995
130,34.818614
130,26.548744
130,8.927162000000001
130,5.705636
130,11.788198999999999
130,3.9819809999999998
130,10.653119
130,15.649197000000001
130,1.579624
130,22.837636
130,3.618456
130,20.977521999999997
130,6.506986
130,32.22884
130,10.176077000000001
130,11.372409999999999
130,10.444577
130,17.335161000000003
130,29.180524
130,14.695605
130,3.967077
130,5.346956
130,18.334991
130,23.125303
130,5.026968
130,1.892847
130,35.727262
130,7.743088
130,12.309268999999999
130,9.277709
130,18.855203
130,8.038609000000001
130,2.419371
130,6.961852
130,5.846476
130,2.003454
130,18.99967
130,17.690786
130,6.377754
130,4.460892
130,33.536822
130,1.807373
130,25.487256
130,18.614891
130,19.670693
130,25.548153
130,17.733231
130,9.124939
130,12.902384
130,5.653212
130,2.936685
130,13.912443999999999
130,1.9762909999999998
130,2.7811369999999997
130,18.479724
130,13.983372000000001
130,38.192028
130,6.156447
130,21.252242000000003
130,32.994015000000005
130,4.6774249999999995
130,35.112587
130,4.140178
130,31.977498999999998
130,6.4697890000000005
130,1.729073
130,25.662126999999998
130,34.418977000000005
130,9.278791
130,5.679436000000001
130,14.101255
130,7.84431
130,7.113203
130,8.728136
130,14.481325
130,12.822880999999999
130,2.7862910000000003
130,16.763800999999997
130,5.974036
130,20.466537
130,28.766609
130,27.522873999999998
130,3.9260019999999995
130,4.634768
130,5.155278
130,2.13941
130,34.765997999999996
130,11.49236
130,16.758442
130,10.42154
130,29.094412
130,33.956677
130,11.860321
130,8.617261
130,7.897727000000001
130,19.586565
130,2.539349
130,32.893849
130,7.541652
130,1.8836689999999998
130,31.747232
130,4.387592
130,31.942167
130,2.963646
130,8.279802
130,8.183891000000001
130,3.943087
130,28.511022
130,14.360659
130,17.433531
130,4.93001
130,9.645729000000001
130,19.497704000000002
130,19.013272
130,7.344965999999999
130,4.474381999999999
130,5.0225729999999995
130,14.213804999999999
130,7.5009
130,1.907305
130,31.150418
130,2.413212
130,5.475574000000001
130,1.520974
130,30.838976
130,2.8453
130,4.648766
130,5.36702
130,36.021124
130,32.638740999999996
130,4.6086290000000005
130,7.687768999999999
130,1.914237
130,4.216399
130,8.199189
130,1.684955
130,4.18739
130,3.731633
130,2.679654
130,27.275158
130,32.306476
130,4.765873
130,6.479312
130,19.116873
130,3.464617
130,9.329729
130,34.291591000000004
130,2.3355490000000003
130,7.921673
130,14.715845
130,8.432421000000001
130,8.16559
130,12.423789
100,91.186974
100,36.409624
100,48.454468
100,32.79863
100,25.332066
100,5.161976
100,22.127292
100,19.525462
100,39.826308999999995
100,25.068916
100,12.27592
100,38.235403
100,53.060318
100,0.6192110000000001
100,23.659704
100,5.660018999999999
100,4.178015
100,16.81431
100,5.79368
100,3.419298
100,13.748071000000001
100,8.766224
100,3.814582
100,8.681347
100,2.655535
100,27.333443
100,5.199412
100,27.3825
100,50.581236000000004
100,8.063713
100,35.381443999999995
100,12.215470000000002
100,3.4875439999999998
100,1.3228
100,22.501512
100,0.869474
100,51.664946
100,54.597189
100,5.374873
100,4.907202
100,3.8459779999999997
100,6.540608
100,1.3559869999999998
100,1.390555
100,8.307345000000002
100,16.253889
100,22.374887
100,15.598162
100,2.022902
100,12.386117
100,19.997132
100,34.464679999999994
100,2.472522
100,1.2952540000000001
100,2.434
100,45.196824
100,4.167777
100,17.518428
100,5.59226
100,1.21676
100,4.029383999999999
100,2.8364100000000003
100,8.987956
100,17.007535
100,34.267328
100,35.017396999999995
100,6.994842
100,2.2652200000000002
100,49.578851
100,2.299524
100,10.139075
100,15.225747
100,68.65535
100,5.910999
100,23.319515
100,0.500591
100,28.100406000000003
100,2.894429
100,2.5510810000000004
100,28.773418
100,9.867681
100,1.074022
100,22.415862
100,39.147096
100,9.731288
100,11.45492
100,39.441507
100,24.62922
100,1.8763720000000002
100,11.491983000000001
100,1.601643
100,2.492683
100,5.200479
100,10.882786
100,26.218315
100,3.313392
100,47.141892
100,42.943154
100,4.841082
100,0.735985
100,18.457717
100,8.285983
100,2.723354
100,3.0791239999999998
100,39.640516
100,4.546325
100,44.681912
100,51.416591999999994
100,1.3092780000000002
100,42.17736
100,10.663739999999999
100,4.941952000000001
100,57.097741
100,28.113011
100,10.856984
100,25.23115
100,10.235718
100,0.9265220000000001
100,34.584755
100,10.390829
100,1.0467199999999999
100,35.758772
100,55.104624
100,2.8057149999999997
100,9.314977
100,40.62408
100,12.296207
100,39.412307
100,37.895403
100,6.354737
100,43.170691999999995
100,0.981511
100,1.805011
100,0.247857
100,24.490332
100,45.931784
100,0.839708
100,40.780452000000004
100,4.873721
100,5.200118
100,18.306236
100,9.030911000000001
100,15.816339
100,18.48206
100,3.4091389999999997
100,2.0763309999999997
100,34.875335
100,32.350029
100,0.632768
100,1.272708
100,7.086355
100,2.423127
100,38.803301999999995
100,6.366618
100,5.5573380000000006
100,0.886304
100,2.7092180000000003
100,16.641547
100,15.679074000000002
100,2.713393
100,23.972179
100,42.455135999999996
100,35.06024600000001
100,6.336088999999999
100,1.031307
100,12.532245
100,8.64615
100,20.022565
100,0.111602
100,48.682632000000005
100,27.853761000000002
100,13.718419
100,5.624821000000001
100,1.58347
100,3.768383
100,31.480105000000002
100,11.637101000000001
100,1.116085
100,3.203468
100,54.548734
100,3.661496
100,2.6591509999999996
100,3.1696799999999996
100,24.080595
100,58.346512000000004
100,25.716551
100,4.06983
100,46.800348
100,2.608389
100,15.163958
100,2.269527
100,45.476832
100,16.395846
100,1.908401
100,49.042042
100,44.935454
100,5.802527
100,1.078892
100,3.313113
100,3.393704
100,9.715741999999999
100,3.276879
100,9.473621
100,48.464636
100,4.329648000000001
100,37.274791
100,22.923082
100,34.7981
100,47.522691
100,10.747551
100,46.251836999999995
100,47.225117
100,6.664847
100,2.575122
100,7.593964
100,1.536448
100,2.920355
100,14.404328
100,40.390761999999995
100,22.956491
100,21.285049
100,17.739211
100,49.329763
100,3.29032
100,12.323606000000002
100,0.972682
100,50.381037
100,0.7902049999999999
100,42.769396
100,2.838892
100,1.955848
100,40.865473
100,28.233670999999998
100,2.8796160000000004
100,3.0779259999999997
100,7.836404999999999
100,3.233431
100,4.085719
100,6.770804
100,16.883345000000002
100,14.676385999999999
100,52.51439
100,27.321786
100,47.562366000000004
100,3.5641629999999997
100,3.819483
100,16.869612999999998
100,52.100612999999996
100,5.292925
100,25.558847
100,2.740878
100,4.51219
100,39.741373
100,1.093344
100,3.061664
100,59.10165
100,9.464826
100,31.241524
100,15.425229999999999
100,10.303379999999999
100,38.735741
100,18.923134
100,14.088791
100,2.192606
100,3.9701429999999998
100,1.183824
100,1.829648
100,9.798886999999999
100,5.230726
100,51.303977
100,2.926197
100,4.762193
100,6.757597
100,4.720645
100,0.5803769999999999
100,2.6431620000000002
100,19.986105000000002
100,7.879306000000001
100,3.089221
100,0.790782
100,2.9883840000000004
100,1.963125
100,2.351118
100,5.720541
100,23.183339
100,3.3366770000000003
100,2.636631
100,46.470153
100,5.0939000000000005
100,5.516328
100,32.939682
100,23.659037
100,2.517502
100,2.40502
100,7.453392
100,7.016543
100,2.6727019999999997
100,41.037054000000005
100,4.913625
100,17.649171000000003
100,49.34838
100,2.578307
100,43.730183
100,2.556564
100,55.486155000000004
100,8.290245
100,1.093122
100,0.286957
100,2.206965
100,18.031734
100,1.268133
100,25.604138
100,4.510522
100,13.721795
100,0.984038
100,0.470395
100,1.5279079999999998
100,49.961511
100,4.810837
100,44.969851999999996
100,6.646566
100,46.975916
100,0.609459
100,13.128960000000001
100,21.636955
100,7.251404
100,3.694563
100,15.252882000000001
100,2.211049
100,62.313123
100,5.133267
100,11.846973
100,11.030258
100,40.409183
100,2.351181
100,3.783395
100,28.467398000000003
100,8.041349
100,22.237164
100,27.113367
100,13.812005000000001
100,4.058998
100,2.5462879999999997
100,8.799191
100,2.6491700000000002
100,3.632041
100,7.728344
100,3.60624
100,37.881325000000004
100,2.411452
100,23.778992
100,4.315131
100,7.300846
100,4.373902
100,1.116253
100,4.227658
100,9.2946
100,10.663272999999998
100,3.7661930000000003
100,3.621698
100,0.958291
100,14.235953
100,18.760434
100,45.244566999999996
100,1.6504860000000001
100,4.788518000000001
100,29.592246999999997
100,20.167899
100,3.3216270000000003
100,0.873789
100,51.069024999999996
100,13.657836
100,2.55688
100,2.843997
100,37.275155
100,1.781107
100,4.238599
100,27.908697
100,4.695295000000001
100,46.175461
100,4.9360990000000005
100,30.341617000000003
100,1.6871530000000001
100,50.942890999999996
100,1.5942429999999999
100,21.484373
100,6.19112
100,4.616163
100,1.039381
100,42.450959000000005
100,4.472945
100,4.9610959999999995
100,28.30637
100,5.321383
100,2.396182
100,31.870469
100,39.824386000000004
100,6.000051999999999
100,44.195937
100,36.060662
100,13.088555999999999
100,22.698855000000002
100,27.287893
100,6.904565
100,49.714089
100,51.703177000000004
100,23.830776
100,41.958229
100,9.835486
100,3.8026739999999997
100,50.072775
100,1.3564079999999998
100,15.947613999999998
100,55.085018
100,51.22001
100,16.468766
100,42.43458
100,1.719894
100,1.871705
100,15.94681
100,1.288066
100,7.487998
100,21.161355
100,16.024573
100,46.107987
100,37.347699999999996
100,1.86325
100,12.460452
100,32.070407
100,3.688747
100,36.901594
100,18.621208
100,44.260634
100,18.00843
100,36.981206
100,23.347032
100,8.022211
100,2.8856450000000002
100,62.445555999999996
100,43.257892999999996
100,5.367087000000001
100,2.380609
100,8.98613
100,3.581712
100,50.452844
100,1.1052849999999999
100,25.541631
100,21.569259
100,23.558872
100,5.146081000000001
100,0.45255
100,15.192412000000001
100,1.999125
100,20.953057
100,2.9472080000000003
100,35.807029
100,49.201366
100,3.211499
100,4.237933999999999
100,44.088383
100,41.452533
100,7.192345
100,43.559042999999996
100,3.891092
100,43.719773
100,2.621595
100,2.736853
100,4.9351389999999995
100,17.681321
100,4.2226490000000005
100,12.562263
100,9.947479
100,7.609941
100,16.816682
100,0.978163
100,4.89199
100,47.960163
100,47.161494999999995
100,32.32604
100,1.315488
100,41.424625
100,28.890437000000002
100,5.003002
100,13.187501000000001
100,11.694028000000001
100,5.1212990000000005
100,6.0681709999999995
100,44.609933
100,3.021855
100,4.150990999999999
100,7.7856380000000005
100,30.371509
100,3.2011689999999997
100,49.162678
100,1.174394
100,4.722626
100,44.80879
100,16.798963999999998
100,1.0395459999999999
100,5.055993
100,2.931155
100,6.8320799999999995
100,2.0390669999999997
100,36.675267999999996
100,21.601149
100,47.484660999999996
100,11.536005
100,0.366865
100,16.274409
100,3.231911
100,48.669948
100,1.821101
100,39.181016
100,3.538101
100,0.653511
100,6.082734
100,29.415081999999998
100,27.46716
100,22.746527999999998
100,13.699007
100,15.306603
100,0.317698
100,50.578891
100,8.381808
100,20.024634
100,47.706146999999994
100,6.7676419999999995
100,4.599259
100,16.814907
100,5.47971
100,0.841519
100,7.528853000000001
100,48.073635
100,3.646716
100,7.646718
100,43.425426
100,37.213483
100,6.336962
100,28.293446
100,52.301658
100,6.831691
100,2.143199
100,1.708455
100,26.189753
100,47.650193
100,3.734554
100,54.69378
100,1.50447
100,27.398165
100,1.523266
100,5.316325
100,13.390788
100,0.7473179999999999
100,22.406952
100,12.631525
100,5.0023
100,0.769311
100,21.538738000000002
100,19.062451
100,57.452554000000006
100,3.798404
100,9.638872999999998
100,1.271299
100,2.517493
100,2.257658
100,25.430388
100,5.766585
100,4.548072
100,20.010941000000003
100,0.8964230000000001
100,47.897315000000006
100,8.652624
100,6.613049
100,1.458617
100,12.866118
100,27.937719
100,11.731883
100,12.609742
100,6.5917959999999995
100,1.919074
100,3.427714
100,11.034554
100,25.718666000000002
100,23.496239
100,46.241684
100,26.735954999999997
100,17.881488
100,1.335202
100,6.084597
100,6.590496000000001
100,31.393773
100,44.997435
100,7.21824
100,24.222177000000002
100,23.555515
100,56.766788999999996
100,18.599935000000002
100,4.84564
100,9.564428999999999
100,21.65989
100,59.030786
100,2.8737709999999996
100,59.777195
100,15.448096
100,2.822416
100,7.905851999999999
100,8.050313
100,5.055942
100,50.328642
100,1.258763
100,2.604483
100,3.139092
100,14.285101999999998
100,27.204843999999998
100,0.27415300000000004
100,3.973851
100,52.058728
100,1.1511
100,1.300486
100,18.299304
100,22.200557
100,10.797242
100,61.082519000000005
100,17.689179
100,3.947564
100,2.513993
100,10.264314
100,1.036501
100,5.520719000000001
100,5.614386
100,60.184335
100,38.364753
100,3.0455740000000002
100,65.190299
100,7.781121000000001
100,12.994433999999998
100,2.817426
100,5.629913
100,23.620187
100,8.191578999999999
100,7.4076949999999995
100,6.305563
100,9.521656
100,15.306883000000001
100,5.151808
100,8.887323
100,34.436389999999996
100,37.381206999999996
100,6.322126
100,0.970592
100,57.767593
100,10.408858
100,4.877059
100,13.309130000000001
100,35.658379
100,1.2420790000000002
100,2.6471020000000003
100,20.328295
100,3.2234339999999997
100,3.1517939999999998
100,7.377636
100,5.775384
100,5.304836
100,9.17756
100,13.078513
100,9.475095
100,0.099158
100,42.683806999999995
100,1.0161040000000001
100,41.285566
100,49.404808
100,2.2873479999999997
100,8.732202
100,5.933269
100,19.076839000000003
100,20.261657999999997
100,1.905243
100,1.040942
100,41.693149999999996
100,32.355239
100,1.8548609999999999
100,2.6164579999999997
100,6.624678
100,3.804811
100,5.84714
100,7.368586
100,13.841699
100,2.904756
100,26.113679
100,52.100696
100,36.303562
100,12.556304
100,0.24473700000000004
100,1.36239
100,2.132367
100,20.188937
100,2.560888
100,10.106539
100,1.33954
100,5.148983
100,5.662338999999999
100,4.513475000000001
100,37.481422
100,38.311817999999995
100,51.146099
100,52.700210999999996
100,3.698057
100,57.543496
100,36.649353000000005
100,2.029986
100,5.606174
100,3.857461
100,10.575655999999999
100,1.516822
100,12.537924
100,3.414144
100,2.117966
100,6.363246999999999
100,2.9441699999999997
100,4.444191
100,23.402340000000002
100,6.750873
100,1.553078
100,23.675081000000002
100,1.333899
100,4.111114
100,5.539296
100,47.769592
100,42.733801
100,10.841401000000001
100,2.146355
100,4.579588
100,14.035789999999999
100,7.137855
100,3.258942
100,1.575652
100,0.75506
100,2.340909
100,10.521048
100,3.7746329999999997
100,16.57912
100,14.676555
100,3.58602
100,21.542085
100,0.8094349999999999
100,16.386446999999997
100,52.995073
100,26.93207
100,1.210741
100,14.727755
100,17.440789000000002
100,12.987436
100,47.603246
100,2.322166
100,3.03935
100,21.877712
100,8.692841
100,3.703999
100,16.964078
100,4.3621739999999996
100,0.886705
100,8.51603
100,0.330601
100,0.25148
100,0.558077
100,1.2433800000000002
100,34.107164000000004
100,48.839694
100,5.816384
100,26.769863
100,67.717444
100,0.570293
100,31.712445
100,0.882327
100,1.9819999999999998
100,7.189039
100,6.485684
100,17.856092
100,3.765273
100,1.997411
100,36.860194
100,1.716248
100,19.820799
100,2.544129
100,48.712289999999996
100,52.900581
100,5.932914
100,4.890671
100,48.627152
100,1.206239
100,43.570944
100,2.172055
100,4.372326
100,0.365348
100,4.819566
100,4.792102000000001
100,3.207257
100,46.100025
100,5.832556
100,0.9376519999999999
100,53.828309999999995
100,23.183138
100,7.158927
100,8.027623
100,0.470352
100,0.9671989999999999
100,4.687559
100,7.073304
100,25.495356
100,4.121156
100,7.550834
100,13.2623
100,33.155268
100,9.024743
100,23.160117
100,5.319951
100,44.627902999999996
100,3.450896
100,15.52397
100,15.973365
100,7.875305000000001
100,0.5505650000000001
100,1.8319569999999998
100,7.254688
100,6.5882700000000005
100,3.856945
100,3.9108320000000005
100,44.172855
100,4.291353
100,9.790911
100,2.0127360000000003
100,6.76223
100,17.048291
100,1.736525
100,4.5097510000000005
100,7.6125430000000005
100,1.5445369999999998
100,16.999037
100,5.46183
100,46.76809
100,10.748301999999999
100,0.6323099999999999
100,8.641434
100,53.411767999999995
100,6.155214
100,1.243625
100,49.902963
100,1.685855
100,9.096951
100,50.907098
100,58.124381
100,0.9483389999999999
100,2.149617
100,56.725749
100,5.515593
100,15.496561000000002
100,10.253630999999999
100,18.850285000000003
100,4.518098
100,5.633838000000001
100,2.89093
100,2.915184
100,27.237278
100,15.335206000000001
100,9.803074
100,1.863554
100,11.904875
100,1.850811
100,2.41917
100,3.839861
100,2.1356919999999997
100,11.802115
100,2.5619810000000003
100,5.377503
100,33.996284
100,12.77681
100,52.623581
100,2.874956
100,24.062698
100,1.7324110000000001
100,7.03553
100,8.629028
100,53.010141
100,7.791917
100,53.627559999999995
100,12.709128
100,7.4399
100,63.979069
100,10.487587
100,1.363182
100,54.221734
100,6.80206
100,25.519164
100,0.51498
100,1.971685
100,2.3189859999999998
100,19.638873
100,5.48056
100,19.168763
100,6.839753
100,14.121138
100,3.655458
100,30.80546
100,5.951421
100,3.327245
100,10.851873
100,3.066329
100,0.300437
100,44.904081999999995
100,23.263151999999998
100,48.355639
100,2.9626880000000004
100,9.744549
100,0.91489
100,22.036049
100,2.540908
100,18.091967
100,2.58778
100,9.567714
100,50.557725
100,33.630426
100,20.727622
100,0.348203
100,26.882663
100,12.658536999999999
100,4.17033
100,38.254203000000004
100,54.791153
100,6.489008
100,3.936337
100,4.734310000000001
100,15.185049000000001
100,6.165965
100,16.888038
100,3.04585
100,5.016940999999999
100,4.0532889999999995
100,11.877996
100,3.8522119999999997
100,7.956493
100,1.37755
100,2.167442
100,17.107912
100,5.1788479999999995
100,5.04483
100,1.15626
100,1.6909990000000001
100,1.122244
100,2.704647
100,1.50752
100,70.831276
100,10.283280000000001
100,3.007857
100,5.945669
100,48.896109
100,1.772491
100,5.986465
100,42.748242999999995
100,9.998096
100,0.7615770000000001
100,4.525434
100,29.41876
100,2.4048279999999997
100,39.41607200000001
100,2.092698
100,40.396065
100,4.236756000000001
100,10.079293
100,3.266819
100,43.369338
100,1.469177
100,39.193989
100,32.415972000000004
100,32.248114
100,1.642638
100,1.876517
100,31.779004
100,18.12766
100,37.882159
100,5.102866000000001
100,5.274179999999999
100,1.964169
100,41.153928
100,6.224959
100,11.84087
100,19.026373
100,34.947475999999995
100,3.653244
100,16.586001
100,3.931581
100,12.350594
100,4.8220149999999995
100,9.383731
100,6.022734
100,2.63191
100,1.504081
100,2.0885059999999998
100,6.138145000000001
100,49.559048000000004
100,1.7848490000000001
80,109.33233800000001
80,48.051357
80,6.559958
80,4.757499
80,1.3941649999999999
80,58.055890999999995
80,24.151911000000002
80,4.466511000000001
80,24.98076
80,16.877430999999998
80,4.531549
80,22.720368
80,4.3274300000000006
80,75.646421
80,8.067959
80,31.310346000000003
80,20.659967
80,6.623639
80,3.3331340000000003
80,3.103509
80,28.681608
80,54.127371000000004
80,32.25817
80,15.705073
80,4.361462
80,5.337864000000001
80,52.028817999999994
80,10.338088
80,0.480404
80,3.372071
80,2.765466
80,1.623659
80,6.310504
80,7.703163
80,4.834013
80,12.184827
80,4.897607
80,5.714404999999999
80,25.719426
80,1.329628
80,58.114357
80,8.875007
80,49.36532
80,33.77471
80,11.15493
80,2.406666
80,2.570081
80,2.9382710000000003
80,10.752805
80,34.144869
80,11.991439
80,17.162627999999998
80,24.65838
80,26.466156
80,20.83915
80,4.285673999999999
80,4.563084
80,22.899969
80,0.5465
80,45.447018
80,3.9013020000000003
80,48.565214000000005
80,5.441474
80,9.342532
80,64.356634
80,4.459861
80,3.6118970000000004
80,1.1806670000000001
80,16.583097000000002
80,26.399389999999997
80,55.667532
80,5.346258000000001
80,4.982665
80,5.3913850000000005
80,19.748091
80,41.911353
80,17.73454
80,2.187446
80,50.188785
80,1.216556
80,19.619518
80,17.121485
80,12.194803
80,27.564636
80,24.891975
80,3.310331
80,1.098105
80,2.618042
80,10.920513999999999
80,15.917005000000001
80,2.147928
80,36.172740000000005
80,9.137384
80,64.931466
80,52.114138
80,2.27861
80,62.140462
80,13.995775
80,7.269887
80,4.416035
80,7.0710679999999995
80,5.388679000000001
80,24.444489
80,3.719946
80,41.320454
80,59.451366
80,70.243028
80,3.280748
80,34.897862
80,5.701629
80,44.498266
80,11.329196
80,34.420071
80,57.68085
80,19.67633
80,54.26795
80,2.903298
80,65.48235600000001
80,71.164908
80,2.1210449999999996
80,13.504272
80,4.21537
80,0.9821840000000001
80,17.805668999999998
80,27.316427
80,5.291558
80,12.001845000000001
80,40.110792
80,20.147568
80,9.749146999999999
80,3.4634240000000003
80,7.358547
80,6.995025999999999
80,0.876941
80,35.618421
80,12.283051
80,0.44775499999999996
80,2.012775
80,44.751964
80,21.393613
80,23.456650999999997
80,15.745052999999999
80,50.372063000000004
80,6.839253
80,5.582755
80,7.728663
80,2.600661
80,1.580884
80,15.430743
80,25.748161
80,22.836312
80,33.317043999999996
80,64.329031
80,20.382758000000003
80,6.498892
80,5.404639
80,8.604366
80,41.221129000000005
80,5.6876809999999995
80,47.236731
80,11.376236
80,41.530159
80,37.969912
80,5.802038
80,46.019615
80,3.1939529999999996
80,36.793659
80,6.199942
80,8.181333
80,75.95273399999999
80,6.23437
80,1.6698590000000002
80,0.933448
80,1.572997
80,22.568509
80,1.773017
80,69.30616500000001
80,60.897254
80,22.036186999999998
80,4.729984
80,6.096328
80,61.971255
80,60.600605
80,0.933206
80,51.419803
80,42.871120999999995
80,50.63174
80,57.551217
80,1.0691060000000001
80,5.302668
80,74.516055
80,36.057743
80,24.805797000000002
80,3.064588
80,6.204231
80,0.386187
80,2.596058
80,41.162287
80,7.711918
80,50.41798
80,0.263507
80,9.475339
80,10.543771
80,55.89566
80,62.3231
80,17.680228999999997
80,66.80694700000001
80,7.8129480000000004
80,43.617588999999995
80,81.692292
80,7.25891
80,3.7123049999999997
80,67.980253
80,56.027176
80,22.018582
80,15.873103
80,44.596804
80,13.220177
80,4.849267
80,52.794928
80,6.523001
80,22.799191
80,59.191198
80,15.535843
80,3.912701
80,17.458709
80,56.412744
80,3.535091
80,52.216776
80,13.540728999999999
80,3.320728
80,57.689628
80,54.311977999999996
80,7.0515170000000005
80,3.587002
80,53.894358000000004
80,3.15056
80,10.898800999999999
80,30.663927
80,7.879694
80,13.671865
80,4.086236
80,33.621067999999994
80,81.996764
80,16.880974
80,32.786955999999996
80,37.334581
80,4.2731710000000005
80,46.739143
80,11.314354999999999
80,2.37191
80,13.673115
80,4.9810490000000005
80,2.463847
80,13.628611000000001
80,116.030002
80,1.908007
80,25.802466
80,4.2719819999999995
80,47.713163
80,1.448459
80,54.545258
80,48.301759
80,63.45449
80,4.118246
80,6.054889
80,1.800931
80,66.578855
80,3.570498
80,16.356417
80,85.950959
80,4.9181479999999995
80,1.682795
80,2.3583190000000003
80,65.342941
80,46.147959
80,35.085335
80,4.118341
80,3.148788
80,7.742494
80,5.646502
80,20.511495
80,4.477639
80,64.808447
80,16.085351000000003
80,2.209262
80,17.127527
80,29.332157000000002
80,20.799058
80,28.848488
80,68.230538
80,51.721627
80,46.132179
80,59.263869
80,27.772281
80,9.670857999999999
80,12.951962
80,19.121806000000003
80,6.369823
80,68.333681
80,2.066761
80,52.893922
80,2.5330790000000003
80,4.536003
80,1.644251
80,5.279476
80,27.896274
80,6.195644
80,34.048526
80,25.989495
80,33.574869
80,4.354363
80,47.053032
80,2.4241200000000003
80,6.677128
80,48.847293
80,1.41774
80,2.283789
80,53.095652
80,4.190707
80,15.468397999999999
80,47.080438
80,47.630549
80,3.9813799999999997
80,1.5862420000000002
80,12.167155000000001
80,14.234692
80,48.018967
80,43.674873000000005
80,51.802524000000005
80,42.023554999999995
80,0.962892
80,17.349883
80,37.055304
80,81.854513
80,6.025193
80,10.255637
80,3.715829
80,43.707502000000005
80,65.917006
80,47.706261
80,2.552885
80,3.589863
80,28.237963
80,15.089466
80,3.4013400000000003
80,1.633815
80,2.128386
80,66.23193500000001
80,71.675744
80,5.411893
80,27.668857000000003
80,61.14698
80,28.529634
80,29.575688
80,6.598227
80,57.32586
80,13.132006
80,17.188319
80,48.331441000000005
80,45.013101
80,26.54912
80,38.992342
80,1.297337
80,23.072318000000003
80,11.513050999999999
80,0.475709
80,0.681961
80,28.126385
80,0.923345
80,59.566862
80,26.244014999999997
80,15.087003
80,1.281482
80,5.58414
80,1.792381
80,46.570664
80,60.289885
80,9.784567
80,20.013113
80,4.330414
80,10.189297999999999
80,8.770837
80,44.104436
80,44.994247
80,36.00261
80,65.15238199999999
80,15.909112
80,87.308221
80,6.822557
80,3.564946
80,22.102923999999998
80,29.66382
80,30.539918
80,3.150637
80,7.061630999999999
80,74.84830000000001
80,3.664631
80,4.208781
80,17.929562999999998
80,58.555675
80,43.238896
80,10.90826
80,62.95582099999999
80,1.803688
80,3.403129
80,50.310978999999996
80,61.668164
80,9.79003
80,34.72216
80,25.905816
80,27.002219
80,53.072322
80,10.534938
80,6.6976830000000005
80,29.25885
80,1.305166
80,4.934937000000001
80,43.241246
80,62.900372999999995
80,33.805332
80,4.622083
80,3.401187
80,1.612155
80,3.474771
80,16.107847000000003
80,15.558041999999999
80,1.208774
80,13.892243
80,7.130652
80,1.178382
80,4.896335
80,19.914071
80,25.803863
80,7.9069329999999995
80,4.674901
80,34.107098
80,0.867263
80,6.449084
80,0.951181
80,1.286678
80,1.968474
80,16.904199000000002
80,21.673261
80,55.855596
80,6.104182
80,4.550891
80,46.570207
80,55.141136
80,9.345434
80,6.0858
80,54.073864
80,71.923558
80,57.222272
80,3.4802180000000003
80,0.686053
80,21.900812
80,5.239481
80,2.17216
80,17.091847
80,0.9822019999999999
80,27.254973
80,1.9719949999999997
80,11.820353
80,51.157274
80,7.290665
80,7.922363
80,6.341988
80,3.483025
80,26.048908
80,1.609483
80,38.837271
80,35.375493
80,6.073632
80,3.230932
80,19.068762
80,65.611301
80,2.965582
80,45.838402
80,10.410969000000001
80,32.206191000000004
80,11.685206
80,4.660195
80,3.5388110000000004
80,12.100386
80,4.088557
80,2.642488
80,17.465929000000003
80,27.125109000000002
80,59.784627
80,2.701377
80,75.785519
80,57.680099
80,60.299279999999996
80,7.1622200000000005
80,73.583111
80,13.827211
80,4.079073
80,55.788961
80,4.460993
80,60.473754
80,11.739968999999999
80,29.335902
80,5.712549
80,3.149256
80,13.551392
80,3.562449
80,5.870351
80,33.254456000000005
80,5.434003
80,32.317475
80,2.462803
80,8.711374
80,6.59076
80,7.476357
80,2.9455660000000004
80,74.78974
80,34.240623
80,6.624534
80,54.841055
80,24.135836
80,9.986188
80,3.2152309999999997
80,8.540271
80,33.234657
80,7.781788000000001
80,61.287497
80,5.454547
80,6.098272
80,8.736074
80,5.799558
80,64.13558699999999
80,36.276185000000005
80,1.33766
80,73.252938
80,7.683712
80,23.538975999999998
80,47.427734
80,4.666496
80,11.359447
80,12.440203
80,6.818538
80,48.633271
80,67.94838
80,36.391528
80,28.728996
80,45.608733
80,60.684968999999995
80,72.607659
80,4.529076
80,57.139003
80,42.982136
80,12.837128
80,13.204126
80,8.068853
80,58.130309999999994
80,56.873951999999996
80,58.699959
80,23.040976
80,67.087266
80,17.462986
80,2.136228
80,30.191426
80,12.247771
80,27.861596
80,5.641356
80,10.725534
80,29.615189
80,44.329527
80,5.212158
80,68.261943
80,11.958266
80,29.898442
80,15.713179
80,6.975653
80,2.366071
80,45.566701
80,7.750246
80,51.691727
80,12.253198999999999
80,3.727655
80,7.669507
80,1.5687380000000002
80,11.866802
80,1.661236
80,45.44531
80,10.1931
80,12.175579
80,2.832002
80,0.769183
80,14.577728
80,85.36341399999999
80,1.945601
80,55.117658
80,1.266509
80,19.569264
80,48.978203
80,17.718998
80,1.4171150000000001
80,4.698008
80,9.010767
80,5.104693
80,29.129386
80,54.935284
80,2.122762
80,33.471041
80,14.43592
80,2.857573
80,3.076086
80,6.773474
80,5.145295
80,76.60044400000001
80,25.299192
80,7.983357999999999
80,31.996074
80,69.02444000000001
80,49.275642000000005
80,111.233053
80,49.905365
80,23.117344000000003
80,4.809286
80,2.4895910000000003
80,1.108639
80,2.819089
80,0.33154799999999995
80,1.745534
80,7.479084
80,3.9939040000000006
80,52.054904
80,3.035648
80,1.335403
80,1.643915
80,49.545265
80,53.049711
80,5.388293
80,32.908429000000005
80,22.166745000000002
80,23.130315
80,1.2138190000000002
80,6.036696999999999
80,54.477545
80,2.181463
80,24.380658
80,7.852489
80,30.142688
80,34.970556
80,59.544021
80,10.38372
80,1.588351
80,0.6451589999999999
80,6.563637
80,11.154427
80,3.50069
80,2.617435
80,53.603676
80,50.817432000000004
80,4.023492
80,11.348587
80,1.063891
80,33.242548
80,20.734438
80,11.318161
80,15.186856
80,12.787292
80,0.862828
80,29.146226000000002
80,2.797426
80,31.486391
80,5.863231
80,1.126614
80,11.457132999999999
80,31.18549
80,5.773308
80,30.499513999999998
80,4.518336000000001
80,2.610103
80,65.019866
80,61.096379
80,2.551898
80,28.054237999999998
80,34.349662
80,18.188742
80,19.640862
80,67.854916
80,16.601512999999997
80,10.999028
80,3.8040499999999997
80,26.541458
80,26.836866
80,5.039287
80,35.358035
80,13.227707
80,1.3385
80,4.411936
80,2.781453
80,2.758054
80,30.424494
80,15.270441
80,1.162875
80,9.737368
80,4.652148
80,2.8399739999999998
80,7.2977490000000005
80,67.76824500000001
80,47.874176999999996
80,3.59661
80,2.645899
80,43.087882
80,4.782266
80,20.347961
80,14.045078
80,77.65999799999999
80,1.480283
80,30.328308
80,3.068249
80,4.451872
80,81.194928
80,6.984248999999999
80,3.875043
80,27.290938
80,16.524653999999998
80,3.1525429999999997
80,2.412969
80,17.226811
80,8.542505
80,2.819582
80,7.976310000000001
80,1.739489
80,3.644559
80,12.145556000000001
80,26.317283
80,9.355509999999999
80,21.562496
80,19.925024
80,12.000015
80,4.409744
80,3.240377
80,2.7669259999999998
80,10.680024
80,31.764892000000003
80,26.821702
80,41.384581
80,54.218795
80,10.319046
80,3.622031
80,40.31105
80,1.182438
80,39.759820000000005
80,6.690746
80,7.249465
80,3.176018
80,59.919845
80,20.245404
80,3.641315
80,9.08858
80,18.171896999999998
80,25.210414
80,80.75093
80,0.546831
80,2.6836070000000003
80,3.568162
80,51.260224
80,62.445457000000005
80,63.661325000000005
80,5.633192
80,24.84112
80,50.786170999999996
80,6.906434
80,6.348202
80,62.370544
80,74.165965
80,10.839045
80,0.415517
80,9.950503
80,29.907109000000002
80,3.9886799999999996
80,54.550933
80,4.324959
80,35.283106000000004
80,46.726668
80,14.795188000000001
80,4.711206
80,3.093956
80,6.919942
80,1.1007339999999999
80,66.90059199999999
80,4.4532549999999995
80,2.004271
80,4.4657860000000005
80,18.593865
80,71.496418
80,0.401932
80,1.6188120000000001
80,4.309519000000001
80,4.368466
80,3.102144
80,12.318131
80,3.2191759999999996
80,21.852923
80,7.8413200000000005
80,1.793754
80,2.065514
80,44.555576
80,23.736576999999997
80,6.818734
80,15.871291
80,13.346598
80,52.519774999999996
80,11.331259999999999
80,3.203782
80,0.733614
80,5.82591
80,4.630376
80,3.002924
80,24.528136
80,8.372812
80,14.782841
80,26.917653
80,5.331947
80,71.40074100000001
80,16.42605
80,5.9807879999999995
80,1.28919
80,7.114409
80,11.565199
80,25.713643
80,53.820715
80,58.114098000000006
80,1.886728
80,4.638372
80,30.263897
80,16.384576000000003
80,1.3327129999999998
80,4.477634
80,7.7531989999999995
80,0.457311
80,7.529585
80,6.409922
80,14.36524
80,4.160463
80,59.352186
80,79.878134
80,37.864413
80,55.695131
80,34.421937
80,13.015571
80,1.937183
80,23.282550999999998
80,3.589696
80,4.697334
80,34.036660000000005
80,20.044809
80,58.945948
80,0.620837
80,5.5640979999999995
80,59.843522
80,3.951062
80,3.077476
80,38.216893
80,1.2129400000000001
80,84.92759
80,48.901638
80,12.383382
80,5.469526
80,80.009001
80,3.613994
80,16.565887
80,21.348591
80,7.300635
80,10.803617999999998
80,2.716691
80,30.454867
80,74.05440100000001
80,8.665704999999999
80,38.647065
80,18.128633
80,74.649177
80,4.3226890000000004
80,15.757545000000002
80,36.690967
80,67.775562
80,19.953025999999998
80,7.7773449999999995
80,29.521017
80,54.721252
80,58.293816
80,4.048249
80,3.289851
80,12.394364999999999
80,2.314622
80,2.409236
80,1.368322
80,4.59311
80,6.067017
80,2.7008330000000003
80,21.201992
80,50.045192
80,78.60754
80,27.324285
80,3.864901
80,52.121983
80,27.041900000000002
80,12.089814
80,30.996613
80,49.944379999999995
80,39.896428
80,2.195546
80,35.619332
80,33.867808
80,6.236244
80,8.593826
80,6.293639
80,11.005409
80,13.766906
80,25.948055
80,6.461923
80,3.297076
80,59.157495
80,46.601836
80,63.068712999999995
80,9.201864
80,6.512182
80,62.957871999999995
80,4.576007
80,3.193425
80,28.251212000000002
80,34.248273000000005
80,80.11365099999999
80,21.694359
80,3.137181
80,2.384763
80,27.184882
80,4.00692
80,28.127974000000002
80,4.097035
80,1.822494
80,14.515398000000001
80,56.2182
80,6.305325
80,50.251017000000004
80,11.709681
80,21.314574
80,51.166827
80,20.774065
80,37.976775999999994
80,28.378715999999997
80,12.386408999999999
80,54.253506
80,44.315056999999996
80,29.998928
80,3.212733
80,31.213992
80,5.804674
80,2.120694
80,26.652822999999998
80,12.477587999999999
80,4.855661
80,4.276609
80,53.861761
80,4.68921
80,4.216769
80,8.699053
80,74.57311899999999
80,14.815345
80,1.7319849999999999
80,2.2167850000000002
80,11.352977000000001
80,4.93489
80,1.80375
80,30.05192
80,8.108674
80,1.5856
80,3.9170949999999998
80,11.862021
80,59.221178
80,0.96584
80,25.534566
80,6.061388
80,1.268967
80,2.3538
80,51.961807
80,77.50478199999999
80,0.5075080000000001
80,14.758284999999999
80,56.262804
80,62.032482
80,10.934038
80,5.3760580000000004
80,57.149843
80,10.854894999999999
80,46.892539
80,17.230117
80,44.400420000000004
80,28.305204
80,14.108786
80,48.256747000000004
80,47.459573999999996
80,59.850827
80,8.49466
80,29.538904000000002
