parking_set_type,parking_set_size,time_ms,path_distance
ev,56011,34.186204,135360897
ev,56011,9.93878,147895865
ev,56011,6.855719,14457017
ev,56011,31.619038000000003,NaN
ev,56011,8.293508999999998,39098359
ev,56011,5.092597,29588913
ev,56011,9.435836,127186584
ev,56011,5.650012,26009529
ev,56011,9.627671000000001,55701521
ev,56011,7.02215,39544422
ev,56011,9.516286000000001,85398048
ev,56011,8.927062,154708403
ev,56011,5.982496,67025956
ev,56011,7.810747,78959463
ev,56011,9.393221,NaN
ev,56011,7.889003000000001,53002214
ev,56011,8.873153,180230848
ev,56011,5.333638,31039126
ev,56011,8.527827,171104370
ev,56011,7.278763,60297642
ev,56011,4.517233,13338661
ev,56011,3.563316,34354349
ev,56011,7.1180959999999995,93476439
ev,56011,6.954919,88009002
ev,56011,4.769475,46095703
ev,56011,5.796479000000001,95186925
ev,56011,6.141678000000001,103736178
ev,56011,6.904376999999999,107883219
ev,56011,2.633896,NaN
ev,56011,4.015171,NaN
ev,56011,5.2174689999999995,31134244
ev,56011,5.405212000000001,147497647
ev,56011,5.553836,37722909
ev,56011,6.029357,89049111
ev,56011,7.516159,170507589
ev,56011,6.386022,54513959
ev,56011,5.397837,60945907
ev,56011,5.609718,NaN
ev,56011,5.080949,105845053
ev,56011,2.871001,39117568
ev,56011,3.1102410000000003,9672633
ev,56011,7.357772000000001,87063042
ev,56011,5.354453,70374986
ev,56011,5.6841859999999995,73660986
ev,56011,8.999098,NaN
ev,56011,3.508927,71492307
ev,56011,5.656727,81152150
ev,56011,7.408974,NaN
ev,56011,4.300097,111295297
ev,56011,5.219222,55656581
ev,56011,7.491331000000001,NaN
ev,56011,6.435429,33931308
ev,56011,3.140007,NaN
ev,56011,8.17301,NaN
ev,56011,4.796415,135799784
ev,56011,5.772513,75442076
ev,56011,5.44472,41841369
ev,56011,5.470211,76702134
ev,56011,6.751416,NaN
ev,56011,2.635873,12383356
ev,56011,8.575562999999999,67827176
ev,56011,4.023026,NaN
ev,56011,6.627039000000001,NaN
ev,56011,8.154831,NaN
ev,56011,0.420249,NaN
ev,56011,5.795083,38186952
ev,56011,2.862056,108687928
ev,56011,3.620051,109182882
ev,56011,5.137166000000001,47066853
ev,56011,3.7014259999999997,111078733
ev,56011,4.4885209999999995,145625965
ev,56011,5.623866,155113666
ev,56011,4.169698,32898951
ev,56011,3.766843,90664354
ev,56011,5.549497,64795845
ev,56011,2.7307099999999997,70386908
ev,56011,1.902765,62640536
ev,56011,3.250781,65323155
ev,56011,3.6828109999999996,22597565
ev,56011,2.751683,82536702
ev,56011,1.1520359999999998,15319249
ev,56011,3.840913,NaN
ev,56011,4.075391000000001,180292411
ev,56011,7.506311,NaN
ev,56011,2.343955,19554275
ev,56011,5.6990490000000005,146948773
ev,56011,4.929382,NaN
ev,56011,3.805808,71063479
ev,56011,4.118933,57553840
ev,56011,4.792225,NaN
ev,56011,2.558002,30027775
ev,56011,2.68993,56614199
ev,56011,3.349707,47763513
ev,56011,3.513124,NaN
ev,56011,3.042445,37682514
ev,56011,1.933526,5181456
ev,56011,5.167368000000001,110339949
ev,56011,5.348091999999999,NaN
ev,56011,0.592576,48246554
ev,56011,3.316633,78825709
ev,56011,1.537761,NaN
ev,56011,3.923292,NaN
ev,56011,3.895343,62425462
ev,56011,1.017074,24940980
ev,56011,1.0865969999999998,NaN
ev,56011,2.143753,62637157
ev,56011,4.496303,36560229
ev,56011,2.147993,24796943
ev,56011,2.738023,NaN
ev,56011,5.380627,NaN
ev,56011,3.991807,75362142
ev,56011,3.62699,114077376
ev,56011,6.035446,NaN
ev,56011,3.5044709999999997,53099254
ev,56011,1.604425,26762218
ev,56011,3.3204350000000002,NaN
ev,56011,3.1026249999999997,60963869
ev,56011,6.296142000000001,173697330
ev,56011,6.594114,NaN
ev,56011,1.3295780000000001,14203682
ev,56011,5.3384,NaN
ev,56011,2.748821,31892267
ev,56011,4.363306,50025783
ev,56011,4.948179,NaN
ev,56011,4.900656,193860597
ev,56011,3.705574,111516105
ev,56011,2.54632,46488255
ev,56011,4.239307,NaN
ev,56011,3.608618,74863289
ev,56011,6.2858920000000005,NaN
ev,56011,3.614769,59052689
ev,56011,1.8118159999999999,3824715
ev,56011,2.585741,NaN
ev,56011,5.7305969999999995,65724927
ev,56011,5.173490999999999,NaN
ev,56011,2.8072719999999998,NaN
ev,56011,4.448844,NaN
ev,56011,3.223951,96320582
ev,56011,2.057644,30685878
ev,56011,4.768043,79750325
ev,56011,3.0749000000000004,36366364
ev,56011,5.001834000000001,NaN
ev,56011,2.699734,74843782
ev,56011,1.840929,47233099
ev,56011,1.517882,NaN
ev,56011,2.85558,59602930
ev,56011,3.045131,51816226
ev,56011,1.7972089999999998,11388049
ev,56011,2.429048,106409564
ev,56011,3.888545,41846791
ev,56011,1.693302,70052986
ev,56011,1.851725,57960688
ev,56011,1.640968,38765915
ev,56011,1.006872,78394761
ev,56011,3.004717,98294907
ev,56011,2.1974139999999998,20110926
ev,56011,1.626191,29198601
ev,56011,2.963325,66069176
ev,56011,2.2390209999999997,44692914
ev,56011,3.278159,NaN
ev,56011,3.230033,NaN
ev,56011,1.0871069999999998,21789396
ev,56011,4.65326,169966972
ev,56011,2.946361,75295590
ev,56011,3.661521,80560748
ev,56011,3.365644,46886427
ev,56011,4.975072,116291374
ev,56011,2.15457,82002835
ev,56011,1.638705,NaN
ev,56011,1.5843610000000001,30496424
ev,56011,2.928105,122193792
ev,56011,2.421284,31421773
ev,56011,4.2304889999999995,NaN
ev,56011,1.438666,NaN
ev,56011,6.329668,135667462
ev,56011,2.179543,69852909
ev,56011,3.794769,NaN
ev,56011,0.191719,NaN
ev,56011,4.48107,NaN
ev,56011,4.031652,114553875
ev,56011,5.160899,48187048
ev,56011,5.194281999999999,126186324
ev,56011,1.88831,81631480
ev,56011,1.942839,22578355
ev,56011,5.035165999999999,NaN
ev,56011,4.132727999999999,63134968
ev,56011,8.005199,NaN
ev,56011,2.902381,31151478
ev,56011,3.020297,163585927
ev,56011,6.265004,NaN
ev,56011,4.9603909999999996,150442299
ev,56011,6.8874640000000005,150624105
ev,56011,3.433015,NaN
ev,56011,5.479039,NaN
ev,56011,2.461337,43174775
ev,56011,5.640674,NaN
ev,56011,1.918442,NaN
ev,56011,2.8166290000000003,24206734
ev,56011,1.414722,23178219
ev,56011,3.487788,187703487
ev,56011,3.156677,NaN
ev,56011,0.255037,NaN
ev,56011,3.0965659999999997,NaN
ev,56011,4.803522999999999,NaN
ev,56011,2.663876,13930450
ev,56011,1.577175,26604560
ev,56011,1.857657,58028008
ev,56011,2.421884,38846079
ev,56011,4.978133,NaN
ev,56011,3.270582,29187865
ev,56011,1.4392610000000001,58241290
ev,56011,3.234378,67542998
ev,56011,3.4822249999999997,99676742
ev,56011,4.016178,NaN
ev,56011,5.0465670000000005,NaN
ev,56011,0.28230900000000003,NaN
ev,56011,3.626592,NaN
ev,56011,5.956772,NaN
ev,56011,5.122223,NaN
ev,56011,5.593573,NaN
ev,56011,3.1362959999999998,50559372
ev,56011,1.925576,41678133
ev,56011,1.6974399999999998,37586230
ev,56011,4.373572,105639283
ev,56011,3.2920100000000003,174237777
ev,56011,4.740644,187227481
ev,56011,3.5836599999999996,80870682
ev,56011,1.829817,44200465
ev,56011,2.139625,68931128
ev,56011,6.507143,NaN
ev,56011,2.61537,84475791
ev,56011,3.712592,66936339
ev,56011,2.080906,10348351
ev,56011,6.124701,118986602
ev,56011,4.260954,87486038
ev,56011,1.085812,8751381
ev,56011,1.7981900000000002,27821274
ev,56011,3.382013,NaN
ev,56011,5.093828,NaN
ev,56011,1.0966,9343802
ev,56011,3.9992530000000004,NaN
ev,56011,4.808768,NaN
ev,56011,1.324101,5807941
ev,56011,4.202582,NaN
ev,56011,2.504305,62188563
ev,56011,3.9649300000000003,54854323
ev,56011,2.547411,45979382
ev,56011,2.348735,43754332
ev,56011,2.3069140000000004,124318949
ev,56011,1.7862550000000001,28753481
ev,56011,3.733135,149886865
ev,56011,3.801676,155690884
ev,56011,2.3279720000000004,37642142
ev,56011,2.425092,NaN
ev,56011,3.805578,54267316
ev,56011,2.470756,62401359
ev,56011,5.0359039999999995,NaN
ev,56011,2.454686,21959564
ev,56011,2.289473,15188875
ev,56011,4.798633,NaN
ev,56011,6.021867,NaN
ev,56011,6.0146820000000005,NaN
ev,56011,3.804774,NaN
ev,56011,2.407959,60538710
ev,56011,0.474066,20553732
ev,56011,2.186833,62386333
ev,56011,3.194553,87769444
ev,56011,5.787713,98562449
ev,56011,3.900348,101760824
ev,56011,1.489221,43400158
ev,56011,2.860662,54586334
ev,56011,1.8826640000000001,63310260
ev,56011,2.778784,85757997
ev,56011,0.189676,NaN
ev,56011,1.986021,32196137
ev,56011,0.26488100000000003,NaN
ev,56011,2.803891,NaN
ev,56011,1.6769770000000002,100708590
ev,56011,1.5825010000000002,23097693
ev,56011,2.41795,64500193
ev,56011,4.625693,NaN
ev,56011,2.1135960000000003,20358612
ev,56011,1.837429,60012287
ev,56011,2.2434849999999997,58751671
ev,56011,4.2589749999999995,NaN
ev,56011,2.512298,NaN
ev,56011,4.885414,139075089
ev,56011,3.4794050000000003,53614951
ev,56011,0.6915600000000001,NaN
ev,56011,3.836042,134880293
ev,56011,1.109703,3484504
ev,56011,0.364726,NaN
ev,56011,1.8500210000000001,9607464
ev,56011,1.9930999999999999,24118385
ev,56011,2.681076,42324773
ev,56011,4.825576,NaN
ev,56011,3.302531,67023957
ev,56011,2.299109,68281480
ev,56011,6.77663,NaN
ev,56011,2.6805510000000004,NaN
ev,56011,3.1902340000000002,NaN
ev,56011,1.457413,16027923
ev,56011,2.869007,56124653
ev,56011,2.777527,66943655
ev,56011,2.5219370000000003,91594652
ev,56011,3.897694,NaN
ev,56011,2.3623670000000003,NaN
ev,56011,1.485791,13411429
ev,56011,4.343895000000001,NaN
ev,56011,4.861796,160750154
ev,56011,4.004331,73017962
ev,56011,8.607751,NaN
ev,56011,2.289466,71347606
ev,56011,4.4514059999999995,94562481
ev,56011,1.0016109999999998,2455148
ev,56011,1.615777,20899190
ev,56011,3.626776,NaN
ev,56011,4.71516,99502398
ev,56011,4.071527000000001,87864897
ev,56011,3.4154150000000003,87815639
ev,56011,3.883816,158304032
ev,56011,4.7245539999999995,NaN
ev,56011,3.711693,138746733
ev,56011,2.025863,19302176
ev,56011,5.442208,NaN
ev,56011,5.535981,NaN
ev,56011,5.166691,146940145
ev,56011,1.291657,15125436
ev,56011,4.080493,121794073
ev,56011,1.20759,NaN
ev,56011,1.7855539999999999,42057842
ev,56011,3.911162,NaN
ev,56011,2.4386479999999997,71164422
ev,56011,3.362844,NaN
ev,56011,1.725327,27414318
ev,56011,3.126633,NaN
ev,56011,2.000947,36099135
ev,56011,4.4112350000000005,75032039
ev,56011,0.254012,NaN
ev,56011,4.153153,NaN
ev,56011,3.125307,115798366
ev,56011,1.4204860000000001,14406685
ev,56011,3.020162,NaN
ev,56011,3.3049199999999996,135558317
ev,56011,1.6631610000000001,35823084
ev,56011,3.8064169999999997,50615240
ev,56011,2.7718399999999996,48520013
ev,56011,1.61826,NaN
ev,56011,4.1394910000000005,118742052
ev,56011,1.9544240000000002,58240930
ev,56011,2.531847,64557813
ev,56011,1.0104630000000001,4230806
ev,56011,2.2207749999999997,42530695
ev,56011,1.6356540000000002,39404196
ev,56011,4.541631,NaN
ev,56011,6.474874000000001,NaN
ev,56011,2.413583,45961241
ev,56011,2.586776,64203692
ev,56011,0.918743,23408714
ev,56011,3.479133,NaN
ev,56011,2.524172,37679382
ev,56011,0.446185,NaN
ev,56011,4.455432,NaN
ev,56011,2.359335,74162505
ev,56011,1.362124,58385412
ev,56011,3.854666,116669632
ev,56011,5.543183999999999,NaN
ev,56011,2.705934,101412848
ev,56011,4.245914,48837419
ev,56011,5.287514,NaN
ev,56011,3.1330199999999997,176312188
ev,56011,1.9042480000000002,77984808
ev,56011,5.604535,NaN
ev,56011,2.71417,58680091
ev,56011,4.307778,119677585
ev,56011,2.413614,20627134
ev,56011,1.866593,27860128
ev,56011,1.215116,40143472
ev,56011,3.489918,98966366
ev,56011,1.68845,35111642
ev,56011,4.197771,119997927
ev,56011,5.772496,NaN
ev,56011,4.550202,NaN
ev,56011,4.44933,NaN
ev,56011,6.363246999999999,NaN
ev,56011,3.082043,51312424
ev,56011,3.457194,NaN
ev,56011,5.360513,NaN
ev,56011,3.218883,NaN
ev,56011,2.6941859999999997,NaN
ev,56011,3.60028,NaN
ev,56011,1.13286,27279954
ev,56011,4.153816,NaN
ev,56011,2.665205,110135671
ev,56011,1.645873,32863106
ev,56011,4.722076,103075469
ev,56011,1.937914,50792992
ev,56011,3.112264,47229738
ev,56011,1.544905,23204298
ev,56011,1.9423249999999999,56551943
ev,56011,4.598704000000001,124962413
ev,56011,5.156403,NaN
ev,56011,4.974287,94935874
ev,56011,4.986419,203567916
ev,56011,3.4977139999999998,NaN
ev,56011,3.3116790000000003,NaN
ev,56011,4.530724,71025905
ev,56011,4.423574,NaN
ev,56011,3.958843,NaN
ev,56011,2.094716,34200858
ev,56011,2.102852,2591068
ev,56011,3.558918,107072445
ev,56011,2.893843,44075410
ev,56011,1.83128,24884178
ev,56011,3.148643,34113371
ev,56011,4.230525,NaN
ev,56011,6.123891,NaN
ev,56011,3.510259,NaN
ev,56011,3.555113,NaN
ev,56011,5.147355,NaN
ev,56011,5.2152650000000005,186631771
ev,56011,3.486949,85649009
ev,56011,3.080504,28803194
ev,56011,3.8665459999999996,125325265
ev,56011,2.0443599999999997,63577340
ev,56011,2.197391,46855726
ev,56011,2.725664,26425959
ev,56011,2.714489,8860126
ev,56011,7.92472,NaN
ev,56011,6.426376,NaN
ev,56011,4.084627,72834783
ev,56011,4.848070000000001,128672333
ev,56011,5.423064,NaN
ev,56011,3.1072859999999998,49772324
ev,56011,5.637256,NaN
ev,56011,3.931988,165133901
ev,56011,2.687986,72477679
ev,56011,3.896886,54600618
ev,56011,5.1892819999999995,97203182
ev,56011,2.1718290000000002,83035547
ev,56011,3.5372,72424523
ev,56011,7.1309249999999995,NaN
ev,56011,5.647049,NaN
ev,56011,4.189225,NaN
ev,56011,3.420712,71899427
ev,56011,4.3297479999999995,91366789
ev,56011,2.697227,39654203
ev,56011,2.66974,35292812
ev,56011,2.310164,12811594
ev,56011,2.845883,30340061
ev,56011,5.7926280000000006,NaN
ev,56011,3.459778,56485951
ev,56011,3.8735530000000002,70940358
ev,56011,7.623682,NaN
ev,56011,3.4677140000000004,76950862
ev,56011,3.8694240000000004,NaN
ev,56011,5.248705999999999,NaN
ev,56011,2.3303439999999997,7746818
ev,56011,3.1289260000000003,79992950
ev,56011,3.639868,63353302
ev,56011,3.511278,71081562
ev,56011,2.421769,13484002
ev,56011,2.837714,29859853
ev,56011,4.745084,NaN
ev,56011,5.29537,94288193
ev,56011,2.738785,NaN
ev,56011,3.499181,29771415
ev,56011,2.5565729999999998,42242319
ev,56011,4.357851,147587911
ev,56011,4.798949,127407643
ev,56011,3.0522639999999996,67649598
ev,56011,4.095883,NaN
ev,56011,3.653813,52757885
ev,56011,4.199802,141147101
ev,56011,2.564606,46234997
ev,56011,5.46541,142630134
ev,56011,6.360678,NaN
ev,56011,1.983528,NaN
ev,56011,7.191162,NaN
ev,56011,4.957288,96309044
ev,56011,3.030137,34764286
ev,56011,2.900827,20467476
ev,56011,3.892252,NaN
ev,56011,3.137581,80273275
ev,56011,2.193436,26440199
ev,56011,4.696512,155348231
ev,56011,4.843522,NaN
ev,56011,3.492725,95884552
ev,56011,2.104547,2841434
ev,56011,1.8495300000000001,NaN
ev,56011,4.333224,NaN
ev,56011,2.154103,15779664
ev,56011,5.637609,NaN
ev,56011,5.883348,158974384
ev,56011,1.468537,NaN
ev,56011,4.771261,109301967
ev,56011,1.487943,NaN
ev,56011,4.743861,50925417
ev,56011,3.79848,23656527
ev,56011,1.962322,99369380
ev,56011,3.6994800000000003,NaN
ev,56011,3.696476,76902863
ev,56011,3.727268,70190527
ev,56011,6.289299,NaN
ev,56011,4.636954,155686633
ev,56011,3.382342,20292447
ev,56011,3.306747,61910118
ev,56011,2.8217619999999997,37280720
ev,56011,3.505643,NaN
ev,56011,2.4404909999999997,37863927
ev,56011,3.148098,40774537
ev,56011,1.443372,NaN
ev,56011,6.774083,NaN
ev,56011,2.1675079999999998,12088356
ev,56011,3.028489,51793927
ev,56011,3.234761,84991989
ev,56011,4.937231000000001,91935946
ev,56011,7.900809,NaN
ev,56011,3.378338,38209267
ev,56011,5.9783029999999995,NaN
ev,56011,4.2740089999999995,68502876
ev,56011,3.9086030000000003,NaN
ev,56011,2.6747680000000003,9095303
ev,56011,3.1381669999999997,48166689
ev,56011,2.88538,37308301
ev,56011,4.293804,62313080
ev,56011,4.064077999999999,87784341
ev,56011,5.186653000000001,87341271
ev,56011,2.668202,57470976
ev,56011,3.5319040000000004,58695943
ev,56011,5.82271,NaN
ev,56011,3.213974,NaN
ev,56011,2.2297089999999997,7788909
ev,56011,2.873959,34585064
ev,56011,3.94302,80105599
ev,56011,4.041408,61885531
ev,56011,4.057416,NaN
ev,56011,3.424551,84799322
ev,56011,2.974165,22930740
ev,56011,2.007357,NaN
ev,56011,4.738336,96236182
ev,56011,3.321161,47080811
ev,56011,3.734776,NaN
ev,56011,5.009006,NaN
ev,56011,4.172938,75777076
ev,56011,1.8873309999999999,NaN
ev,56011,2.798505,15675331
ev,56011,3.897694,95705523
ev,56011,2.3041519999999998,40777828
ev,56011,3.333026,112610540
ev,56011,3.495699,51876701
ev,56011,1.6322629999999998,NaN
ev,56011,4.940338,NaN
ev,56011,3.561996,84253231
ev,56011,2.506527,22540711
ev,56011,2.817772,23958875
ev,56011,3.372595,58451513
ev,56011,4.570469,177533640
ev,56011,2.927511,50026151
ev,56011,2.040305,NaN
ev,56011,3.859398,76877160
ev,56011,2.299779,25072842
ev,56011,3.631977,81602073
ev,56011,5.004015,170348327
ev,56011,3.210843,NaN
ev,56011,2.2647850000000003,22743905
ev,56011,6.28726,NaN
ev,56011,3.325368,40502718
ev,56011,3.613766,22894632
ev,56011,2.950036,42133927
ev,56011,3.3779660000000002,NaN
ev,56011,2.319237,13241806
ev,56011,5.299881999999999,NaN
ev,56011,1.896333,NaN
ev,56011,5.100441,102453532
ev,56011,5.8993910000000005,NaN
ev,56011,3.0265,11257215
ev,56011,3.9628390000000002,NaN
ev,56011,7.7958799999999995,NaN
ev,56011,3.425605,NaN
ev,56011,3.530648,NaN
ev,56011,3.243705,42614082
ev,56011,8.32484,NaN
ev,56011,6.488758,NaN
ev,56011,2.602341,44978117
ev,56011,4.304986,151670490
ev,56011,3.4344959999999998,NaN
ev,56011,1.73281,NaN
ev,56011,3.260249,70350250
ev,56011,6.265085,NaN
ev,56011,3.2814300000000003,NaN
ev,56011,4.110905,51655456
ev,56011,3.81096,NaN
ev,56011,1.95286,NaN
ev,56011,3.48148,76383913
ev,56011,2.962088,22050145
ev,56011,2.187804,23719380
ev,56011,4.28777,NaN
ev,56011,3.07514,23996820
ev,56011,5.5797930000000004,NaN
ev,56011,4.989134,68658172
ev,56011,4.366646,68620930
ev,56011,2.3146690000000003,29118781
ev,56011,4.823017,114938752
ev,56011,4.6800749999999995,NaN
ev,56011,7.054238,142022477
ev,56011,3.9826569999999997,98019457
ev,56011,3.307979,NaN
ev,56011,2.9067390000000004,14053977
ev,56011,2.803027,14126324
ev,56011,1.8882160000000001,13382500
ev,56011,4.092853,36032515
ev,56011,1.511675,NaN
ev,56011,3.4989359999999996,113988332
ev,56011,2.123953,30868448
ev,56011,5.765395000000001,NaN
ev,56011,3.911007,124630006
ev,56011,2.222477,21850016
ev,56011,7.927174,NaN
ev,56011,3.3930879999999997,NaN
ev,56011,6.351959,NaN
ev,56011,4.2431470000000004,NaN
ev,56011,3.4180550000000003,NaN
ev,56011,6.072449,NaN
ev,56011,3.81327,58655198
ev,56011,7.287056,NaN
ev,56011,1.755027,NaN
ev,56011,1.66299,NaN
ev,56011,3.488917,NaN
ev,56011,3.780743,50307325
ev,56011,2.83453,NaN
ev,56011,3.315897,44933750
ev,56011,4.085825000000001,129638565
ev,56011,3.3971430000000002,38448803
ev,56011,4.261489,125171863
ev,56011,1.911778,6782131
ev,56011,3.3606019999999996,93643636
ev,56011,2.0577490000000003,70936925
ev,56011,2.907458,38633256
ev,56011,1.885567,NaN
ev,56011,4.865121,89834442
ev,56011,4.498921999999999,162309948
ev,56011,3.9610899999999996,129187214
ev,56011,6.219606,NaN
ev,56011,2.142055,65732193
ev,56011,2.749137,62721579
ev,56011,3.790698,46781283
ev,56011,4.012491,NaN
ev,56011,4.5959449999999995,NaN
ev,56011,4.287085,NaN
ev,56011,5.026199999999999,135192920
ev,56011,2.546879,77108337
ev,56011,3.5495769999999998,101711267
ev,56011,2.240997,85482782
ev,56011,2.268633,100843218
ev,56011,7.138885,NaN
ev,56011,5.417261,NaN
ev,56011,5.418269,NaN
ev,56011,3.9679620000000004,134635055
ev,56011,4.297182,NaN
ev,56011,3.856151,61230869
ev,56011,1.875465,55845245
ev,56011,3.906696,51253144
ev,56011,1.718873,42403828
ev,56011,3.2943249999999997,108271753
ev,56011,3.2253030000000003,67745049
ev,56011,2.057052,38487969
ev,56011,1.591567,NaN
ev,56011,2.6688739999999997,35906268
ev,56011,3.5560829999999997,NaN
ev,56011,4.653023,95070926
ev,56011,1.851759,37639363
ev,56011,4.752966,NaN
ev,56011,2.7549319999999997,73920016
ev,56011,5.1596139999999995,NaN
ev,56011,5.431704,NaN
ev,56011,3.776203,NaN
ev,56011,4.191753,NaN
ev,56011,5.757218,NaN
ev,56011,3.467425,NaN
ev,56011,4.371552,64585373
ev,56011,3.5221850000000003,40745712
ev,56011,4.947761,110947572
ev,56011,3.806,NaN
ev,56011,3.206225,NaN
ev,56011,2.6561649999999997,10062744
ev,56011,2.860204,49748756
ev,56011,4.319087,151832837
ev,56011,3.7742750000000003,58278617
ev,56011,3.7329350000000003,87814047
ev,56011,3.2448479999999997,NaN
ev,56011,4.414682,NaN
ev,56011,3.177199,NaN
ev,56011,2.285299,63444472
ev,56011,4.306276,169417908
ev,56011,3.5735799999999998,85559010
ev,56011,5.889259,NaN
ev,56011,2.599707,29877577
ev,56011,5.95051,90920056
ev,56011,3.772262,80133933
ev,56011,3.0582119999999997,79127350
ev,56011,2.707914,8378928
ev,56011,4.773482,NaN
ev,56011,2.6777849999999996,49076384
ev,56011,2.3687270000000002,18939627
ev,56011,3.0391239999999997,76434671
ev,56011,5.231404,NaN
ev,56011,2.839531,64257204
ev,56011,3.097128,11242486
ev,56011,3.371976,35911836
ev,56011,3.2400189999999998,53422167
ev,56011,2.857172,26528693
ev,56011,2.920062,102333825
ev,56011,3.327387,35308374
ev,56011,2.683324,43339167
ev,56011,6.907963,NaN
ev,56011,2.188303,33936761
ev,56011,4.598784,210098464
ev,56011,2.542233,30905554
ev,56011,1.6533710000000001,NaN
ev,56011,2.136934,NaN
ev,56011,3.397812,101950004
ev,56011,5.708122,NaN
ev,56011,1.8391359999999999,12948249
ev,56011,2.637181,44257671
ev,56011,3.187717,92830297
ev,56011,3.6144689999999997,37680549
ev,56011,6.6754739999999995,NaN
ev,56011,3.124686,77331540
ev,56011,4.65219,NaN
ev,56011,6.265216,NaN
ev,56011,2.993917,74754970
ev,56011,3.4980409999999997,49819562
ev,56011,4.277047,NaN
ev,56011,6.611832,NaN
ev,56011,3.484983,36661489
ev,56011,3.4495709999999997,NaN
ev,56011,2.604914,79814611
ev,56011,3.0966050000000003,48183470
ev,56011,4.357242,122307783
ev,56011,2.0187370000000002,NaN
ev,56011,2.686271,24254217
ev,56011,4.5956269999999995,219373836
ev,56011,1.5333320000000001,NaN
ev,56011,2.950277,118916758
ev,56011,3.929767,111018216
ev,56011,3.6013170000000003,NaN
ev,56011,3.52529,68805688
ev,56011,4.199085,69674566
ev,56011,2.330324,19936043
ev,56011,4.425254,95052107
ev,56011,3.352497,NaN
ev,56011,6.626550999999999,NaN
ev,56011,4.620662,146855105
ev,56011,2.027314,21934635
ev,56011,6.030126,NaN
ev,56011,4.791885,NaN
ev,56011,3.3298400000000004,65548683
ev,56011,3.399989,NaN
ev,56011,3.420903,118882155
ev,56011,2.82883,31739833
ev,56011,2.545411,38049612
ev,56011,4.606622000000001,193112141
ev,56011,5.555813,170751800
ev,56011,5.915857,NaN
ev,56011,3.738564,NaN
ev,56011,4.202102999999999,62164695
ev,56011,3.127305,97641884
ev,56011,2.519146,8088768
ev,56011,5.50926,125598135
ev,56011,3.063797,63470660
ev,56011,5.794905,NaN
ev,56011,2.148954,9870630
ev,56011,4.847198,125513487
ev,56011,4.529601,158239691
ev,56011,2.752109,56519670
ev,56011,2.147003,53316907
ev,56011,2.671025,71578110
ev,56011,4.410093000000001,65174934
ev,56011,1.379582,NaN
ev,56011,3.9131440000000004,85814754
ev,56011,3.286144,45239209
ev,56011,4.191464,NaN
ev,56011,4.4904530000000005,84918273
ev,56011,4.16374,104498138
ev,56011,5.20815,NaN
ev,56011,4.216329,87219231
ev,56011,4.089683,NaN
ev,56011,2.932525,39712565
ev,56011,3.845859,50246865
ev,56011,2.4795949999999998,10462490
ev,56011,2.468664,42215413
ev,56011,8.539539000000001,NaN
ev,56011,4.110578,NaN
ev,56011,5.0001619999999996,NaN
ev,56011,4.026147,87522606
ev,56011,3.493139,63763640
ev,56011,3.184159,25770012
ev,56011,6.213451,122799519
ev,56011,7.583085,NaN
ev,56011,2.824262,19804045
ev,56011,1.4369910000000001,NaN
ev,56011,3.3190530000000003,67192025
ev,56011,5.59224,NaN
ev,56011,3.0457359999999998,NaN
ev,56011,2.809042,NaN
ev,56011,4.082377,71040977
ev,56011,3.664293,184664411
ev,56011,4.7509,104905901
ev,56011,3.895961,98164970
ev,56011,2.857583,13594408
ev,56011,2.736198,6816111
ev,56011,2.973319,41744389
ev,56011,6.130496,NaN
ev,56011,3.686535,56003423
ev,56011,3.4601710000000003,NaN
ev,56011,2.460842,77572492
ev,56011,3.1603809999999997,64129738
ev,56011,2.398259,9490520
ev,56011,4.640986,174986180
ev,56011,3.15396,103183143
ev,56011,1.8200079999999998,NaN
ev,56011,5.268217000000001,NaN
ev,56011,3.779955,73414068
ev,56011,2.583808,41886521
ev,56011,1.877701,NaN
ev,56011,2.858583,31897356
ev,56011,3.0541460000000002,42974351
ev,56011,3.685156,64563941
ev,56011,4.34622,80821079
ev,56011,3.361619,71650872
ev,56011,3.7524339999999996,NaN
ev,56011,2.6475589999999998,22578237
ev,56011,4.4868879999999995,86429603
ev,56011,3.661881,NaN
ev,56011,3.975408,NaN
ev,56011,2.482058,45867735
ev,56011,3.031364,50610264
ev,56011,3.456752,87925874
ev,56011,2.950923,20276469
ev,56011,5.8456790000000005,NaN
ev,56011,3.274222,NaN
ev,56011,4.396299,NaN
ev,56011,3.31175,158595220
ev,56011,2.004839,46486339
ev,56011,5.5389740000000005,114762992
ev,56011,4.0906,137541044
ev,56011,4.481726999999999,106654870
ev,56011,4.108732000000001,57321661
ev,56011,4.436605,NaN
ev,56011,2.82911,46896085
ev,56011,3.853657,74523944
ev,56011,2.721838,59997913
ev,56011,5.538853,NaN
ev,56011,1.736923,NaN
ev,56011,3.029236,26043804
ev,56011,5.264429,NaN
ev,56011,6.839054,NaN
ev,56011,4.378051,62511159
ev,56011,3.40004,73149975
ev,56011,2.9517469999999997,59239130
ev,56011,3.107815,86454404
ev,56011,4.690044,NaN
ev,56011,2.7182500000000003,80297712
ev,56011,3.7104350000000004,84084620
ev,56011,2.211743,103286530
ev,56011,2.349097,23046549
ev,56011,3.091596,NaN
ev,56011,2.860026,19054187
ev,56011,3.9456099999999994,69762419
ev,56011,4.8509850000000005,92839747
ev,56011,4.668775,98553457
ev,56011,2.6132180000000003,3528532
ev,56011,4.437672,84274121
ev,56011,3.480696,106787366
ev,56011,4.752727,99468853
ev,56011,4.851003,200715681
ev,56011,1.869506,7067692
ev,56011,3.17885,65861146
ev,56011,2.7738300000000002,40652411
ev,56011,1.990657,NaN
ev,56011,4.077546,NaN
ev,56011,2.23287,21831257
ev,56011,1.851472,21176572
ev,56011,6.8447890000000005,NaN
ev,56011,5.532185999999999,NaN
ev,56011,5.11245,112736037
ev,56011,3.378962,41472531
ev,56011,2.4166499999999997,20934706
ev,56011,3.1231240000000002,30077391
ev,56011,4.597326,149304376
ev,56011,4.049649,NaN
ev,56011,7.074248,NaN
ev,56011,3.6316640000000002,46885757
ev,56011,4.088565,NaN
ev,56011,2.249992,14000978
ev,56011,2.342943,27203548
ev,56011,3.523957,65839838
ev,56011,6.839544,NaN
ev,56011,4.548082,91857216
ev,56011,2.850558,28230151
ev,56011,3.973531,55674129
ev,56011,2.808836,13834981
ev,56011,3.415418,61462257
ev,56011,3.6136649999999997,41524674
ev,56011,3.061014,NaN
ev,56011,2.936377,81551856
ev,56011,3.361304,NaN
ev,56011,6.039575999999999,NaN
ev,56011,3.322838,86747793
ev,56011,3.4321859999999997,60330801
ev,56011,6.194542,NaN
ev,56011,3.619621,75129873
ev,56011,3.687844,35847005
ev,56011,2.1073329999999997,20954047
ev,56011,3.040736,59479266
ev,56011,2.266778,42348772
ev,56011,6.616727999999999,NaN
ev,56011,4.426450999999999,198530394
ev,56011,3.422643,72323317
ev,56011,4.010356,89953455
ev,56011,3.327528,NaN
ev,56011,3.080768,88586673
ev,56011,1.991326,26167415
ev,56011,2.154739,23318260
ev,56011,4.973253000000001,NaN
ev,56011,4.50742,104882277
ev,56011,4.240153,105779336
ev,56011,2.150858,43666793
ev,56011,2.747448,41956647
ev,56011,3.437765,140609959
ev,56011,3.559805,43634863
ev,56011,1.692359,NaN
ev,56011,3.880323,81097477
ev,56011,2.543664,59435910
ev,56011,3.101199,55895589
ev,56011,3.871621,51199427
ev,56011,3.002458,64549526
ev,56011,3.466835,76098952
ev,56011,3.471159,74131236
ev,56011,1.9991480000000001,7376009
ev,56011,3.511133,35319219
ev,56011,6.2342509999999995,NaN
ev,56011,1.78367,6140986
ev,56011,1.7897340000000002,NaN
ev,56011,3.468631,40008073
ev,56011,1.7053719999999999,NaN
ev,56011,3.6434480000000002,NaN
ev,56011,3.725435,104926929
ev,56011,2.8832969999999998,63295412
ev,56011,4.42303,93510013
ev,56011,4.864071,131561134
ev,56011,2.486081,27131696
ev,56011,3.069769,122217232
ev,56011,6.93786,NaN
ev,56011,3.029207,NaN
ev,56011,6.52499,NaN
ev,56011,5.549956,NaN
ev,56011,5.175263999999999,NaN
ev,56011,1.72596,31285242
ev,56011,2.162189,NaN
ev,56011,4.330868,137912515
ev,56011,3.356241,70558493
ev,56011,2.609316,33626316
ev,56011,2.125875,20054378
ev,56011,3.9426959999999998,83703348
ev,56011,2.263372,NaN
ev,56011,2.5018800000000003,15717614
ev,56011,3.590638,61297715
ev,56011,1.7168649999999999,NaN
ev,56011,5.256942,NaN
ev,56011,3.294517,54249660
ev,56011,3.525493,33279021
ev,56011,3.1653409999999997,104475481
ev,56011,2.918568,79062705
ev,56011,2.350467,31357357
ev,56011,3.319543,89001560
ev,56011,3.788647,NaN
ev,56011,3.782906,NaN
ev,56011,1.5325090000000001,NaN
ev,56011,4.219058,98687941
ev,56011,4.561062000000001,107500325
ev,56011,2.051851,57796073
ev,56011,3.8963389999999998,NaN
ev,56011,2.953554,22899397
ev,56011,4.117291000000001,NaN
ev,56011,2.628493,35787090
ev,56011,5.1957569999999995,NaN
ev,56011,1.723097,NaN
ev,56011,1.662415,9759998
ev,56011,5.541011,NaN
ev,56011,3.460078,55426938
ev,56011,3.600381,93882440
ev,56011,2.9637040000000003,63710290
ev,56011,5.615792,120263810
ev,56011,3.291707,57176962
ev,56011,6.184865,NaN
ev,56011,2.1873639999999996,14052114
ev,56011,3.667831,81937682
ev,56011,1.474952,NaN
hgv,6796,92.241448,50762466
hgv,6796,15.478375000000002,12506904
hgv,6796,22.313587,23142940
hgv,6796,11.444028,73170931
hgv,6796,6.573429000000001,61071213
hgv,6796,5.998375,7522278
hgv,6796,19.110388999999998,134856639
hgv,6796,7.335098,15344522
hgv,6796,22.742581,NaN
hgv,6796,18.953333,NaN
hgv,6796,6.648858,68172543
hgv,6796,17.241948999999998,NaN
hgv,6796,13.048956,99808760
hgv,6796,8.609708000000001,107596140
hgv,6796,6.88924,11995482
hgv,6796,3.768576,21811219
hgv,6796,6.559595,70968314
hgv,6796,17.109130999999998,73479486
hgv,6796,19.956496,NaN
hgv,6796,6.706371,6955946
hgv,6796,2.904613,15535847
hgv,6796,7.7807960000000005,26963127
hgv,6796,3.63436,13822845
hgv,6796,20.505125999999997,NaN
hgv,6796,5.5729239999999995,19916819
hgv,6796,8.166004,45916413
hgv,6796,6.209504,28138887
hgv,6796,3.869555,4182985
hgv,6796,15.776660000000001,88389655
hgv,6796,20.720225,NaN
hgv,6796,8.715449999999999,105101485
hgv,6796,10.235427999999999,119928724
hgv,6796,5.5817760000000005,43723760
hgv,6796,4.6680649999999995,51447256
hgv,6796,20.698483,NaN
hgv,6796,17.820672,NaN
hgv,6796,21.55694,NaN
hgv,6796,5.66333,81356444
hgv,6796,19.381233,NaN
hgv,6796,21.052418,NaN
hgv,6796,7.547820000000001,38063478
hgv,6796,12.900774,71006675
hgv,6796,6.029746,94284086
hgv,6796,14.251386,NaN
hgv,6796,22.653439000000002,NaN
hgv,6796,6.100326,NaN
hgv,6796,21.126261,NaN
hgv,6796,13.064353,118017097
hgv,6796,9.326327000000001,70692725
hgv,6796,18.648792,NaN
hgv,6796,11.969336,79844409
hgv,6796,7.019724,28133079
hgv,6796,3.724611,30673474
hgv,6796,21.668399,NaN
hgv,6796,11.122348,NaN
hgv,6796,18.063424,NaN
hgv,6796,21.610911,NaN
hgv,6796,7.503085,77084308
hgv,6796,3.384503,42228479
hgv,6796,4.835036,21680747
hgv,6796,12.506946,58114475
hgv,6796,21.435241,NaN
hgv,6796,13.375533,124067834
hgv,6796,13.871332,113070053
hgv,6796,9.150699999999999,40901763
hgv,6796,5.752289,61489555
hgv,6796,5.247193,29701039
hgv,6796,5.972229,47848862
hgv,6796,7.978529,114641455
hgv,6796,10.986881,104992776
hgv,6796,2.056635,10642978
hgv,6796,20.198112000000002,NaN
hgv,6796,12.692447000000001,32909550
hgv,6796,2.907049,9249913
hgv,6796,9.044,94772598
hgv,6796,2.098195,36298724
hgv,6796,6.245482999999999,20187867
hgv,6796,13.313609000000001,152567101
hgv,6796,14.325323,97596361
hgv,6796,3.00104,50953356
hgv,6796,11.830739,67288089
hgv,6796,5.869628,43329620
hgv,6796,10.685052,52957874
hgv,6796,22.349013,NaN
hgv,6796,4.773309,52399426
hgv,6796,3.8945220000000003,25105431
hgv,6796,3.739246,51499842
hgv,6796,14.838785999999999,194299345
hgv,6796,6.46962,164457374
hgv,6796,3.368755,22951882
hgv,6796,3.772846,64260194
hgv,6796,0.9917509999999999,NaN
hgv,6796,21.828978999999997,NaN
hgv,6796,19.860585999999998,NaN
hgv,6796,3.626514,21155718
hgv,6796,6.022724999999999,46480935
hgv,6796,13.199904,NaN
hgv,6796,19.743684000000002,NaN
hgv,6796,14.854719000000001,136904457
hgv,6796,16.259224,189697771
hgv,6796,7.6853039999999995,29123140
hgv,6796,2.355935,43917533
hgv,6796,21.517146,NaN
hgv,6796,8.6826,47494758
hgv,6796,21.008672,NaN
hgv,6796,13.738156,117399087
hgv,6796,6.029858,20029912
hgv,6796,5.187219,86239133
hgv,6796,11.987599,63747915
hgv,6796,14.838148,113785426
hgv,6796,0.821366,NaN
hgv,6796,12.304726,94990655
hgv,6796,20.524098000000002,NaN
hgv,6796,12.454543000000001,137540663
hgv,6796,7.224576,140518440
hgv,6796,15.473009,NaN
hgv,6796,3.5198349999999996,9556445
hgv,6796,7.066012,55948454
hgv,6796,17.241484,169364913
hgv,6796,14.757997999999999,133310479
hgv,6796,10.083649999999999,27800849
hgv,6796,5.095991000000001,34439133
hgv,6796,2.458741,54363216
hgv,6796,12.744864,200409960
hgv,6796,2.954034,28207736
hgv,6796,3.9888859999999995,60668220
hgv,6796,10.404073,72038842
hgv,6796,1.873561,NaN
hgv,6796,0.91784,NaN
hgv,6796,14.979408,NaN
hgv,6796,9.025701,93064881
hgv,6796,17.453522,NaN
hgv,6796,6.418259,87565919
hgv,6796,11.924107999999999,111300009
hgv,6796,1.196587,21685789
hgv,6796,18.654976,NaN
hgv,6796,14.634477,NaN
hgv,6796,11.870386,107792931
hgv,6796,6.589866,38695222
hgv,6796,9.496409000000002,48028660
hgv,6796,1.990581,13030509
hgv,6796,21.691796999999998,NaN
hgv,6796,4.585385,40812711
hgv,6796,2.937396,NaN
hgv,6796,3.4398190000000004,32375064
hgv,6796,10.070963,47625522
hgv,6796,11.581422,68518684
hgv,6796,5.080274,29923627
hgv,6796,7.931799,86187886
hgv,6796,9.146638000000001,80357221
hgv,6796,15.412436,NaN
hgv,6796,1.7465810000000002,NaN
hgv,6796,7.418465,74022102
hgv,6796,14.707932999999999,NaN
hgv,6796,3.742907,41235362
hgv,6796,16.969807,NaN
hgv,6796,2.992432,6626755
hgv,6796,1.8133789999999999,24620381
hgv,6796,11.20546,59804958
hgv,6796,3.390733,9282319
hgv,6796,5.346051999999999,75722857
hgv,6796,20.180864,NaN
hgv,6796,8.589045,45809901
hgv,6796,3.17628,NaN
hgv,6796,21.877163000000003,NaN
hgv,6796,4.386325,19717720
hgv,6796,6.571269,41934087
hgv,6796,11.481583,151238767
hgv,6796,7.105892,66839397
hgv,6796,1.502469,NaN
hgv,6796,5.291197,157111003
hgv,6796,18.749409,NaN
hgv,6796,4.7768999999999995,128001739
hgv,6796,5.203017,147044879
hgv,6796,10.797286999999999,101785673
hgv,6796,3.987984,54842221
hgv,6796,15.450784,102123613
hgv,6796,2.437663,73550850
hgv,6796,15.651966999999999,NaN
hgv,6796,5.939315,57346871
hgv,6796,17.574462,NaN
hgv,6796,5.706626,54344689
hgv,6796,5.805929,45328473
hgv,6796,19.7705,NaN
hgv,6796,2.6011430000000004,59728508
hgv,6796,0.76332,NaN
hgv,6796,12.891246,95766169
hgv,6796,17.929095999999998,149294377
hgv,6796,15.832349999999998,NaN
hgv,6796,15.164419,154254355
hgv,6796,18.119839,NaN
hgv,6796,4.858861,67913688
hgv,6796,5.640597,31362249
hgv,6796,17.856828,NaN
hgv,6796,3.646138,28980124
hgv,6796,2.673857,39565633
hgv,6796,2.023425,46769172
hgv,6796,19.411964,NaN
hgv,6796,19.458425000000002,NaN
hgv,6796,9.243417,NaN
hgv,6796,3.2742620000000002,5860577
hgv,6796,3.546411,57367291
hgv,6796,20.871083,NaN
hgv,6796,1.1627079999999999,NaN
hgv,6796,15.85837,NaN
hgv,6796,15.791393000000001,181451736
hgv,6796,0.917278,NaN
hgv,6796,4.059204,68215997
hgv,6796,4.821553,54703539
hgv,6796,21.838054999999997,NaN
hgv,6796,19.922513,NaN
hgv,6796,3.912945,20898186
hgv,6796,0.42978,NaN
hgv,6796,1.243384,67267668
hgv,6796,6.684909,8316674
hgv,6796,7.456157,36514769
hgv,6796,13.590533,67298720
hgv,6796,11.928919,48345388
hgv,6796,13.703933,NaN
hgv,6796,0.8327150000000001,NaN
hgv,6796,3.328331,68960768
hgv,6796,7.964614999999999,69772858
hgv,6796,5.8457680000000005,53074536
hgv,6796,11.403848,88906908
hgv,6796,13.631505,110742883
hgv,6796,6.057037,43694950
hgv,6796,18.436814,NaN
hgv,6796,7.3003290000000005,96610503
hgv,6796,9.979179,73046156
hgv,6796,20.927457,NaN
hgv,6796,15.401076,NaN
hgv,6796,15.790381,95040895
hgv,6796,12.410442000000002,NaN
hgv,6796,9.595435,35964056
hgv,6796,4.4509,25672465
hgv,6796,5.1321270000000005,59831727
hgv,6796,5.318801,23568359
hgv,6796,2.5077049999999996,19849146
hgv,6796,4.397304999999999,8638532
hgv,6796,8.967099,59707659
hgv,6796,19.822891,NaN
hgv,6796,2.710626,NaN
hgv,6796,0.951173,NaN
hgv,6796,11.001717,107241616
hgv,6796,0.7301719999999999,NaN
hgv,6796,4.831003000000001,21992061
hgv,6796,10.40142,97529180
hgv,6796,2.7799639999999997,36119251
hgv,6796,11.838939,114042975
hgv,6796,9.186003999999999,61817179
hgv,6796,3.740887,41334918
hgv,6796,5.890851,28397147
hgv,6796,2.8020150000000004,14795966
hgv,6796,12.202294,NaN
hgv,6796,8.349931,35733487
hgv,6796,11.59168,96373240
hgv,6796,3.2161820000000003,14163956
hgv,6796,3.8395289999999997,24856326
hgv,6796,1.9526940000000002,49364103
hgv,6796,15.219523,140506281
hgv,6796,13.20195,NaN
hgv,6796,13.885917,57613663
hgv,6796,21.781185,NaN
hgv,6796,1.324333,62157754
hgv,6796,3.852001,26364601
hgv,6796,3.168466,6800109
hgv,6796,2.081468,34584987
hgv,6796,14.139551,NaN
hgv,6796,3.693272,13560721
hgv,6796,5.901777,85292806
hgv,6796,14.030890000000001,107275211
hgv,6796,4.937337,73637837
hgv,6796,15.050139,129373103
hgv,6796,3.986796,43633828
hgv,6796,4.519023,22088977
hgv,6796,6.149224,85279181
hgv,6796,15.749916999999998,NaN
hgv,6796,5.1204529999999995,85378423
hgv,6796,0.753403,NaN
hgv,6796,7.238637,32227896
hgv,6796,3.826874,93687689
hgv,6796,2.467429,11967609
hgv,6796,15.413408,NaN
hgv,6796,4.636338,55077492
hgv,6796,16.335341,70106341
hgv,6796,18.507738999999997,NaN
hgv,6796,20.937614,NaN
hgv,6796,14.698457,65104517
hgv,6796,3.29808,27502239
hgv,6796,3.113111,34226380
hgv,6796,12.169910000000002,96484379
hgv,6796,20.347783,NaN
hgv,6796,12.803429999999999,85174551
hgv,6796,12.180365,57156872
hgv,6796,4.126817,24042946
hgv,6796,14.940468000000001,83611541
hgv,6796,18.007876999999997,NaN
hgv,6796,17.99508,NaN
hgv,6796,15.200711,169210242
hgv,6796,18.468791,NaN
hgv,6796,6.400157,53979557
hgv,6796,6.518999999999999,117450468
hgv,6796,5.411213,51833905
hgv,6796,0.832426,NaN
hgv,6796,7.255804,88076469
hgv,6796,19.865921,NaN
hgv,6796,7.515092999999999,69672550
hgv,6796,0.72737,NaN
hgv,6796,6.801506,40987030
hgv,6796,4.463184999999999,66745374
hgv,6796,4.894844,96961879
hgv,6796,4.316404,36189940
hgv,6796,1.975279,12431482
hgv,6796,19.81065,NaN
hgv,6796,19.730021,NaN
hgv,6796,2.060791,NaN
hgv,6796,5.637635,33942884
hgv,6796,18.124019,NaN
hgv,6796,0.817688,NaN
hgv,6796,16.109371,144202578
hgv,6796,10.288281999999999,NaN
hgv,6796,3.798197,56132970
hgv,6796,12.581436,NaN
hgv,6796,4.280535,26963215
hgv,6796,13.621424,210162103
hgv,6796,5.581666,64721112
hgv,6796,8.941895,127874819
hgv,6796,7.203209,66496055
hgv,6796,12.719135,NaN
hgv,6796,18.54481,NaN
hgv,6796,11.550186,114719475
hgv,6796,3.666562,33977770
hgv,6796,13.285262000000001,NaN
hgv,6796,15.048659,136360465
hgv,6796,3.826114,32051955
hgv,6796,15.866425,NaN
hgv,6796,16.56088,NaN
hgv,6796,8.713761,31667755
hgv,6796,2.7848629999999996,NaN
hgv,6796,13.897711,171186754
hgv,6796,4.1099120000000005,49530291
hgv,6796,12.943239,NaN
hgv,6796,4.068385,61922900
hgv,6796,14.028442,NaN
hgv,6796,19.924776,NaN
hgv,6796,18.099925,NaN
hgv,6796,5.832151,67947206
hgv,6796,8.107176,25858757
hgv,6796,1.636738,42102014
hgv,6796,3.649765,38326445
hgv,6796,5.482357,87645026
hgv,6796,4.237708,61449052
hgv,6796,10.175612000000001,68150910
hgv,6796,3.014447,5551850
hgv,6796,2.3718290000000004,NaN
hgv,6796,10.338428,82689094
hgv,6796,6.8033399999999995,47562069
hgv,6796,9.2992,56064457
hgv,6796,16.930819,NaN
hgv,6796,0.743765,NaN
hgv,6796,9.910374,55304501
hgv,6796,17.224657,NaN
hgv,6796,3.709935,20063885
hgv,6796,17.567982999999998,NaN
hgv,6796,1.646478,NaN
hgv,6796,22.164791,NaN
hgv,6796,19.625282000000002,NaN
hgv,6796,13.513475,123949150
hgv,6796,3.057823,26664084
hgv,6796,19.231261999999997,NaN
hgv,6796,0.567556,NaN
hgv,6796,19.975156000000002,NaN
hgv,6796,11.945552999999999,95620210
hgv,6796,6.092619,51506117
hgv,6796,5.11001,72705334
hgv,6796,5.145582,20072735
hgv,6796,8.759214,NaN
hgv,6796,2.340879,54940276
hgv,6796,3.87528,51997407
hgv,6796,9.347955,56487846
hgv,6796,3.0282820000000004,66328891
hgv,6796,19.531533,NaN
hgv,6796,5.093287,56678338
hgv,6796,3.940192,43903092
hgv,6796,20.498347,NaN
hgv,6796,0.716857,NaN
hgv,6796,3.121244,38217126
hgv,6796,13.239239,166673527
hgv,6796,4.81554,9460584
hgv,6796,20.106323,NaN
hgv,6796,12.74954,NaN
hgv,6796,4.514276000000001,103563651
hgv,6796,10.899503,58163117
hgv,6796,13.560656000000002,NaN
hgv,6796,2.530272,14535830
hgv,6796,16.536382,NaN
hgv,6796,4.784338,50849077
hgv,6796,21.719947,NaN
hgv,6796,5.525767,22889304
hgv,6796,11.880393,NaN
hgv,6796,18.509539,NaN
hgv,6796,15.7845,75950073
hgv,6796,8.695450000000001,70043781
hgv,6796,8.806764,155003487
hgv,6796,12.926023,170506417
hgv,6796,1.767236,46474482
hgv,6796,14.389235,182247380
hgv,6796,15.457794,NaN
hgv,6796,5.491788,27798957
hgv,6796,13.808043000000001,133456876
hgv,6796,4.000754,52670838
hgv,6796,13.493128,NaN
hgv,6796,1.4763490000000001,NaN
hgv,6796,5.5916999999999994,49533549
hgv,6796,12.912576999999999,83900132
hgv,6796,8.570845,66787419
hgv,6796,12.123427000000001,45105960
hgv,6796,13.400779,NaN
hgv,6796,9.195895,62676383
hgv,6796,13.659462000000001,120256923
hgv,6796,6.8925,37099404
hgv,6796,15.385378999999999,NaN
hgv,6796,3.84625,50953157
hgv,6796,20.547707,NaN
hgv,6796,12.863645,NaN
hgv,6796,13.154938,73080932
hgv,6796,19.1056,NaN
hgv,6796,3.134568,37990931
hgv,6796,10.631356,83135793
hgv,6796,19.99344,NaN
hgv,6796,4.548578,24836502
hgv,6796,5.262897,25454347
hgv,6796,8.906653,NaN
hgv,6796,5.677481,37654078
hgv,6796,7.048972,125164766
hgv,6796,13.328894,141894312
hgv,6796,17.15023,NaN
hgv,6796,6.520881,48310461
hgv,6796,8.16816,48870982
hgv,6796,3.5597239999999997,27592813
hgv,6796,14.832422,165758279
hgv,6796,15.024992,NaN
hgv,6796,1.813193,12247948
hgv,6796,0.481507,NaN
hgv,6796,16.920441,NaN
hgv,6796,6.496986,29813431
hgv,6796,19.048858,NaN
hgv,6796,3.063202,44123435
hgv,6796,10.527533,65084164
hgv,6796,2.3052379999999997,46368605
hgv,6796,18.139203,NaN
hgv,6796,18.962155000000003,NaN
hgv,6796,3.594742,25516894
hgv,6796,5.485199,72673584
hgv,6796,6.621415000000001,66666834
hgv,6796,13.755194999999999,NaN
hgv,6796,12.233733,124521699
hgv,6796,12.513574,NaN
hgv,6796,13.524467999999999,NaN
hgv,6796,3.355569,60143441
hgv,6796,12.613027,121721347
hgv,6796,1.728952,23553739
hgv,6796,2.569376,57689204
hgv,6796,17.050684999999998,NaN
hgv,6796,8.303947,124692189
hgv,6796,18.749776,NaN
hgv,6796,4.508615,82752974
hgv,6796,14.848738,151351265
hgv,6796,2.459634,24189456
hgv,6796,13.331984,218130146
hgv,6796,3.551084,91981955
hgv,6796,14.272617,179704573
hgv,6796,8.493129999999999,92585670
hgv,6796,9.68695,69955858
hgv,6796,3.197399,42617632
hgv,6796,1.641262,NaN
hgv,6796,3.8710620000000002,25135832
hgv,6796,4.860603,80284153
hgv,6796,2.067508,22341939
hgv,6796,6.070557,36536203
hgv,6796,10.670895,64854694
hgv,6796,10.897836,68086144
hgv,6796,10.09474,76962460
hgv,6796,12.962178,157090405
hgv,6796,17.720703,93760697
hgv,6796,19.651183999999997,NaN
hgv,6796,2.0349880000000002,42739069
hgv,6796,3.818236,25182257
hgv,6796,4.179753,38782525
hgv,6796,1.651178,NaN
hgv,6796,1.001472,NaN
hgv,6796,11.868967,219509372
hgv,6796,0.572392,NaN
hgv,6796,3.162608,37327959
hgv,6796,2.965724,42155738
hgv,6796,12.472301999999999,NaN
hgv,6796,5.74709,26348284
hgv,6796,19.44889,NaN
hgv,6796,3.110865,54123177
hgv,6796,3.1032260000000003,11313901
hgv,6796,8.851727,49731684
hgv,6796,4.9197809999999995,85245454
hgv,6796,4.950532,102321517
hgv,6796,2.767447,89221459
hgv,6796,3.846107,58313781
hgv,6796,6.8308420000000005,38253686
hgv,6796,17.791309000000002,NaN
hgv,6796,8.910641,NaN
hgv,6796,1.537212,NaN
hgv,6796,11.431127,58952245
hgv,6796,14.375989,151705852
hgv,6796,2.858018,50900044
hgv,6796,17.654667999999997,NaN
hgv,6796,2.718705,NaN
hgv,6796,1.127264,21793363
hgv,6796,2.155083,36604879
hgv,6796,3.7519139999999997,95164285
hgv,6796,5.526765999999999,29004100
hgv,6796,2.214569,38255790
hgv,6796,10.936787,67312406
hgv,6796,2.323245,48988948
hgv,6796,7.822391999999999,46338017
hgv,6796,20.839789,NaN
hgv,6796,17.034494000000002,NaN
hgv,6796,8.895293,63153793
hgv,6796,3.019484,28673663
hgv,6796,1.4222320000000002,15238886
hgv,6796,8.54996,33714941
hgv,6796,11.608515,65812735
hgv,6796,0.54585,NaN
hgv,6796,7.103796,74858862
hgv,6796,5.1174539999999995,34392719
hgv,6796,1.804127,6165623
hgv,6796,15.528488,NaN
hgv,6796,13.193716,84941722
hgv,6796,2.944922,75198562
hgv,6796,4.945449,63755053
hgv,6796,11.661042,109467553
hgv,6796,15.242119,146195555
hgv,6796,8.555772,47150329
hgv,6796,2.330202,NaN
hgv,6796,0.940057,9040546
hgv,6796,1.459604,12281796
hgv,6796,8.919132,71523721
hgv,6796,14.501177,164255443
hgv,6796,4.796585,74590703
hgv,6796,17.151495,NaN
hgv,6796,5.158517,45698480
hgv,6796,9.90517,66216280
hgv,6796,14.20609,146695541
hgv,6796,17.276955,NaN
hgv,6796,5.139368,43220984
hgv,6796,20.922748000000002,NaN
hgv,6796,13.642098,NaN
hgv,6796,20.034012,NaN
hgv,6796,10.529989,98330526
hgv,6796,5.3075730000000005,26342086
hgv,6796,12.148181,NaN
hgv,6796,3.455765,24238776
hgv,6796,1.5436180000000002,65886285
hgv,6796,15.067318,NaN
hgv,6796,6.241999,32169191
hgv,6796,7.893908,NaN
hgv,6796,4.6718660000000005,37308289
hgv,6796,19.033892,NaN
hgv,6796,20.966972000000002,NaN
hgv,6796,2.21997,NaN
hgv,6796,3.505969,53835536
hgv,6796,7.373668,161294084
hgv,6796,4.738852,56887608
hgv,6796,0.625721,NaN
hgv,6796,20.2832,NaN
hgv,6796,17.650593999999998,NaN
hgv,6796,7.535527,51527178
hgv,6796,1.367866,NaN
hgv,6796,11.680789,121824776
hgv,6796,13.720388,NaN
hgv,6796,21.148819999999997,NaN
hgv,6796,19.721446,NaN
hgv,6796,6.237216999999999,28452266
hgv,6796,11.609658999999999,152548052
hgv,6796,18.474543,NaN
hgv,6796,14.668781000000001,NaN
hgv,6796,15.217877,NaN
hgv,6796,8.819051,31554684
hgv,6796,4.7215110000000005,61991194
hgv,6796,3.390339,68988636
hgv,6796,11.75582,154519555
hgv,6796,3.065795,44606134
hgv,6796,19.959029,NaN
hgv,6796,14.67178,NaN
hgv,6796,2.1012169999999997,3113935
hgv,6796,13.486839,NaN
hgv,6796,3.70194,75842340
hgv,6796,12.690204,79076065
hgv,6796,9.643343999999999,79025908
hgv,6796,5.74701,39283472
hgv,6796,4.295998,39781805
hgv,6796,2.563727,55441589
hgv,6796,14.796438,175285171
hgv,6796,13.306086,NaN
hgv,6796,7.8876,54937801
hgv,6796,6.1731549999999995,22578428
hgv,6796,13.227928,NaN
hgv,6796,2.289634,15850555
hgv,6796,1.76797,90094778
hgv,6796,19.625204,NaN
hgv,6796,7.442139,59628305
hgv,6796,2.201327,30934854
hgv,6796,0.397653,NaN
hgv,6796,6.105707,47548060
hgv,6796,3.391351,22676652
hgv,6796,9.016777,91581092
hgv,6796,0.679571,NaN
hgv,6796,5.885366,52427034
hgv,6796,12.193568,NaN
hgv,6796,21.434649,NaN
hgv,6796,3.395539,64125604
hgv,6796,2.965935,49233453
hgv,6796,9.942810999999999,58506085
hgv,6796,3.450023,14137222
hgv,6796,2.866666,89338657
hgv,6796,9.499662,NaN
hgv,6796,13.273976999999999,128027070
hgv,6796,4.021206,56402871
hgv,6796,5.710531,45845804
hgv,6796,10.220286999999999,68115424
hgv,6796,5.736777,44695451
hgv,6796,19.271659,NaN
hgv,6796,2.1958390000000003,NaN
hgv,6796,7.650048,72187423
hgv,6796,7.782847,117932367
hgv,6796,7.121437,51226443
hgv,6796,2.044446,71182858
hgv,6796,4.4831460000000005,11872519
hgv,6796,1.008966,NaN
hgv,6796,8.32535,70834048
hgv,6796,5.023744,40969127
hgv,6796,2.2259789999999997,46484196
hgv,6796,15.050329,NaN
hgv,6796,13.23354,NaN
hgv,6796,0.544979,NaN
hgv,6796,8.643796,124325774
hgv,6796,9.480007,NaN
hgv,6796,19.866832000000002,NaN
hgv,6796,15.918536000000001,NaN
hgv,6796,2.805213,NaN
hgv,6796,4.3869039999999995,77324512
hgv,6796,0.909711,38358544
hgv,6796,15.102216,NaN
hgv,6796,20.175351000000003,NaN
hgv,6796,12.982112,212915584
hgv,6796,18.564261,NaN
hgv,6796,8.672436000000001,48677188
hgv,6796,20.007785,NaN
hgv,6796,1.442453,59548391
hgv,6796,4.321335,71342626
hgv,6796,21.002274,NaN
hgv,6796,4.123994,48248077
hgv,6796,4.064199,73813771
hgv,6796,15.356431,NaN
hgv,6796,11.550352,52809431
hgv,6796,2.44223,NaN
hgv,6796,4.467879999999999,98385823
hgv,6796,20.665065,NaN
hgv,6796,6.939706999999999,47045261
hgv,6796,15.064734,NaN
hgv,6796,17.472620000000003,NaN
hgv,6796,3.359629,38311521
hgv,6796,14.428509,135270882
hgv,6796,19.789468,NaN
hgv,6796,4.433033,25679500
hgv,6796,16.925115,NaN
hgv,6796,3.364528,52515431
hgv,6796,11.484157999999999,60256746
hgv,6796,15.779841999999999,NaN
hgv,6796,17.587237,NaN
hgv,6796,1.0651599999999999,NaN
hgv,6796,1.040112,NaN
hgv,6796,1.4213660000000001,20905152
hgv,6796,13.513149,NaN
hgv,6796,5.327237,26753638
hgv,6796,6.316709,73840911
hgv,6796,7.096367,85556892
hgv,6796,17.991008,NaN
hgv,6796,20.033993,NaN
hgv,6796,7.968532000000001,61819610
hgv,6796,2.9935199999999997,41702145
hgv,6796,5.024744999999999,45399711
hgv,6796,2.3794939999999998,9346956
hgv,6796,10.910691,116309679
hgv,6796,6.774233,94396091
hgv,6796,7.74952,76612097
hgv,6796,9.413689,NaN
hgv,6796,7.6391860000000005,148313257
hgv,6796,9.803973000000001,73190605
hgv,6796,18.884758,NaN
hgv,6796,3.714367,35866697
hgv,6796,4.094751,72506545
hgv,6796,6.932847,95940662
hgv,6796,2.098145,NaN
hgv,6796,4.185458000000001,100604365
hgv,6796,3.530156,31972184
hgv,6796,4.964678999999999,33985447
hgv,6796,9.678361,117588849
hgv,6796,19.889032,NaN
hgv,6796,2.752602,43796913
hgv,6796,1.912133,58133287
hgv,6796,9.192860000000001,143781982
hgv,6796,6.068236000000001,31586392
hgv,6796,8.850042,NaN
hgv,6796,15.62581,NaN
hgv,6796,7.5454490000000005,88484288
hgv,6796,2.645257,NaN
hgv,6796,8.002459,49376465
hgv,6796,17.822323,NaN
hgv,6796,10.156382,137920302
hgv,6796,7.044042,70717653
hgv,6796,15.863164999999999,NaN
hgv,6796,9.423724,74024057
hgv,6796,15.407956,69245894
hgv,6796,7.258383,118834813
hgv,6796,2.4726969999999997,118925314
hgv,6796,15.623251,NaN
hgv,6796,9.384985,48039577
hgv,6796,3.8219980000000002,38623597
hgv,6796,7.350995,51451156
hgv,6796,8.195869,101101551
hgv,6796,14.472006,NaN
hgv,6796,3.704636,11168366
hgv,6796,1.715186,84062354
hgv,6796,4.646802999999999,107244339
hgv,6796,2.833248,25406421
hgv,6796,8.63742,35317768
hgv,6796,12.236728000000001,131231939
hgv,6796,12.791149,NaN
hgv,6796,4.675983,25578912
hgv,6796,20.403446,NaN
hgv,6796,19.716267,NaN
hgv,6796,1.660161,11373722
hgv,6796,1.7901740000000002,36925705
hgv,6796,15.553621999999999,NaN
hgv,6796,0.653933,NaN
hgv,6796,15.558193999999999,NaN
hgv,6796,2.84627,14115092
hgv,6796,5.595002,36756638
hgv,6796,10.829881,67071782
hgv,6796,8.377387,40305518
hgv,6796,7.836727999999999,107666162
hgv,6796,14.382059000000002,155331042
hgv,6796,15.180902,NaN
hgv,6796,10.685345,75312522
hgv,6796,9.56358,101370303
hgv,6796,0.6375000000000001,NaN
hgv,6796,3.762883,67784556
hgv,6796,15.948527,NaN
hgv,6796,0.9834399999999999,21295412
hgv,6796,2.166582,46025289
hgv,6796,3.041762,86754923
hgv,6796,2.521772,9827248
hgv,6796,1.408067,NaN
hgv,6796,1.0165300000000002,54845034
hgv,6796,0.8365049999999999,NaN
hgv,6796,14.562520000000001,NaN
hgv,6796,1.689487,12011668
hgv,6796,2.963439,NaN
hgv,6796,2.6808880000000004,20996628
hgv,6796,16.735599,NaN
hgv,6796,2.831548,NaN
hgv,6796,3.504359,19005136
hgv,6796,2.639704,40447256
hgv,6796,5.317266999999999,52317257
hgv,6796,4.452964000000001,37716821
hgv,6796,5.58405,42955625
hgv,6796,18.54537,NaN
hgv,6796,19.184276999999998,NaN
hgv,6796,17.37734,112265696
hgv,6796,4.7374,63708584
hgv,6796,4.841629,35672727
hgv,6796,20.908367000000002,NaN
hgv,6796,20.600105,NaN
hgv,6796,3.482921,30224846
hgv,6796,15.528816,NaN
hgv,6796,5.434374,36907318
hgv,6796,20.340912999999997,NaN
hgv,6796,2.817704,5757313
hgv,6796,4.968094,61755442
hgv,6796,3.4877749999999996,10627262
hgv,6796,4.477567,21440104
hgv,6796,16.208851,NaN
hgv,6796,5.940386,58339616
hgv,6796,17.696046,NaN
hgv,6796,17.568578000000002,NaN
hgv,6796,18.885694,NaN
hgv,6796,4.810023,19917258
hgv,6796,9.558018,NaN
hgv,6796,1.6683620000000001,7788735
hgv,6796,5.763766,30465420
hgv,6796,9.672851,128592622
hgv,6796,8.073241,87960297
hgv,6796,16.888995,NaN
hgv,6796,8.720227000000001,63913806
hgv,6796,3.726108,50220475
hgv,6796,8.00243,38214230
hgv,6796,0.6767420000000001,NaN
hgv,6796,0.638073,NaN
hgv,6796,9.336623000000001,71137737
hgv,6796,13.734637,138711284
hgv,6796,3.718413,90084384
hgv,6796,8.197358,76394979
hgv,6796,1.87211,9024659
hgv,6796,2.274745,42307139
hgv,6796,13.54445,181022291
hgv,6796,4.175191,61289636
hgv,6796,14.48796,NaN
hgv,6796,14.575228000000001,NaN
hgv,6796,5.987064999999999,60472638
hgv,6796,1.792027,11916206
hgv,6796,19.022493,NaN
hgv,6796,17.938664,NaN
hgv,6796,16.097754,NaN
hgv,6796,8.023349000000001,69313273
hgv,6796,3.414429,45883772
hgv,6796,6.689688,55453151
hgv,6796,17.99005,NaN
hgv,6796,2.822722,55523627
hgv,6796,10.696349000000001,51495390
hgv,6796,14.231377,NaN
hgv,6796,3.9194700000000005,33604967
hgv,6796,19.251594,NaN
hgv,6796,8.222787,47779222
hgv,6796,7.791775,88543233
hgv,6796,2.960492,48351139
hgv,6796,0.311027,NaN
hgv,6796,13.897377,165461364
hgv,6796,9.866718,92026359
hgv,6796,3.579071,12940847
hgv,6796,2.680202,72169410
hgv,6796,8.764048,78160692
hgv,6796,9.291369000000001,93056470
hgv,6796,3.830708,41631817
hgv,6796,16.511351,NaN
hgv,6796,4.019934999999999,40893240
hgv,6796,14.533522,NaN
hgv,6796,6.690163,30085170
hgv,6796,14.375394,110282642
hgv,6796,4.835279,22708699
hgv,6796,21.535266,NaN
hgv,6796,21.895761999999998,NaN
hgv,6796,7.191531,23476775
hgv,6796,2.080003,30549671
hgv,6796,5.7627690000000005,20050229
hgv,6796,0.638008,NaN
hgv,6796,4.025463,11445715
hgv,6796,16.892361,NaN
hgv,6796,6.822651,56330710
hgv,6796,3.3014989999999997,NaN
hgv,6796,18.194472,NaN
hgv,6796,7.211780999999999,78506205
hgv,6796,6.340781,34451085
hgv,6796,2.169453,23286909
hgv,6796,17.702085,NaN
hgv,6796,13.916723000000001,192451801
hgv,6796,4.956986,89486305
hgv,6796,2.522756,29262609
hgv,6796,4.626769,84967407
hgv,6796,4.189146,83756394
hgv,6796,19.732948999999998,NaN
hgv,6796,0.957847,42022048
hgv,6796,1.272668,1709282
hgv,6796,8.927852,85317777
hgv,6796,4.262919,45852157
hgv,6796,2.744463,36722796
hgv,6796,2.927419,137610522
hgv,6796,18.660052,NaN
hgv,6796,2.385631,13956728
hgv,6796,5.5759099999999995,56480147
hgv,6796,4.732596,56774934
hgv,6796,22.140964,NaN
hgv,6796,6.790056,21354533
hgv,6796,18.92848,NaN
hgv,6796,19.498393999999998,NaN
hgv,6796,3.565976,40830776
hgv,6796,7.240044999999999,49369865
hgv,6796,3.020162,NaN
hgv,6796,15.444451999999998,NaN
hgv,6796,8.887726,51700353
hgv,6796,18.476915,NaN
hgv,6796,19.896751000000002,NaN
hgv,6796,12.955358,NaN
hgv,6796,15.126896,97285774
hgv,6796,2.665801,83153723
hgv,6796,0.56823,NaN
hgv,6796,1.223459,61738145
hgv,6796,18.140207,NaN
hgv,6796,4.367846,72292362
hgv,6796,19.916498,NaN
hgv,6796,6.880701999999999,61841799
hgv,6796,19.093281,NaN
hgv,6796,12.904677999999999,147441121
hgv,6796,1.277475,3347618
hgv,6796,1.555379,NaN
hgv,6796,4.8430349999999995,45511548
hgv,6796,3.9126580000000004,88920350
hgv,6796,20.97109,NaN
hgv,6796,1.161326,15305223
hgv,6796,13.835455,195842402
hgv,6796,3.0109120000000003,9919919
hgv,6796,16.158957,204196195
hgv,6796,5.403631,44430615
hgv,6796,10.253509,80994319
hgv,6796,11.783656,134633911
hgv,6796,1.50498,33592057
hgv,6796,10.266077000000001,105196490
hgv,6796,3.098349,NaN
hgv,6796,14.619524,111685974
hgv,6796,2.198857,52978794
hgv,6796,14.21434,NaN
hgv,6796,18.773585999999998,NaN
hgv,6796,5.930572000000001,63779045
hgv,6796,18.409334,NaN
hgv,6796,20.137536,NaN
hgv,6796,15.181899,NaN
hgv,6796,2.035691,21441122
hgv,6796,7.6027689999999994,86147696
hgv,6796,5.162944,58183025
hgv,6796,15.521274,NaN
hgv,6796,5.452677,40273776
hgv,6796,13.765932999999999,NaN
hgv,6796,15.557789000000001,NaN
hgv,6796,13.589352,NaN
hgv,6796,14.146709,105455361
hgv,6796,4.239967,46494169
hgv,6796,1.093939,15899781
hgv,6796,1.874539,33012679
hgv,6796,2.4620509999999998,44870133
hgv,6796,12.636488,NaN
hgv,6796,18.328861,NaN
hgv,6796,1.8211270000000002,8207223
hgv,6796,17.586048,NaN
hgv,6796,6.801582,96772005
hgv,6796,3.83681,26000224
hgv,6796,19.526003,NaN
hgv,6796,12.188609,114093505
hgv,6796,4.493951,24923048
hgv,6796,4.612766,32067528
hgv,6796,18.093538,NaN
hgv,6796,4.39584,36499255
hgv,6796,11.324229,46253764
hgv,6796,13.540201999999999,NaN
hgv,6796,17.709413,NaN
hgv,6796,8.828681,57690748
hgv,6796,8.245166,46958721
hgv,6796,19.45048,NaN
hgv,6796,14.285525,NaN
hgv,6796,7.500268,36147888
hgv,6796,7.9743829999999996,120892730
hgv,6796,13.476905,114462666
hgv,6796,3.212641,30349135
hgv,6796,8.245106,125144288
hgv,6796,20.069767,NaN
hgv,6796,1.857458,5152662
hgv,6796,8.261103,49085336
hgv,6796,13.036341,72421685
hgv,6796,17.11291,NaN
hgv,6796,3.9637759999999997,77523069
hgv,6796,3.12512,74209897
hgv,6796,18.98663,NaN
hgv,6796,1.712439,53919531
hgv,6796,3.538611,63578841
hgv,6796,2.381559,64184993
hgv,6796,2.954901,68339124
hgv,6796,19.355856000000003,NaN
hgv,6796,5.191828,39204429
hgv,6796,4.267189,53409663
hgv,6796,7.471207,127128768
hgv,6796,9.75374,76856340
hgv,6796,4.053655,22367915
hgv,6796,7.812348,96935089
hgv,6796,18.970792,NaN
hgv,6796,17.651288,NaN
hgv,6796,6.192277000000001,62418981
hgv,6796,7.832374,82129705
hgv,6796,13.689542000000001,116338002
hgv,6796,4.840568,11766798
hgv,6796,18.015805,NaN
hgv,6796,2.650725,3097884
hgv,6796,15.74397,NaN
hgv,6796,17.302675,NaN
hgv,6796,4.174602999999999,38177971
hgv,6796,7.534912,154581704
hgv,6796,6.4816329999999995,60031082
hgv,6796,6.1671499999999995,30138165
hgv,6796,1.509912,20639433
hgv,6796,0.81871,NaN
hgv,6796,19.993441,NaN
hgv,6796,16.217637,114484202
hgv,6796,17.281937,NaN
hgv,6796,6.497288,44227017
hgv,6796,2.169197,58312075
