parking_set_type,parking_set_size,time_ms,path_distance
ev,56011,38.930621,277319503
ev,56011,27.829766999999997,NaN
ev,56011,4.9173849999999995,11733419
ev,56011,8.1013,36869606
ev,56011,10.583033,NaN
ev,56011,9.057246999999998,218731646
ev,56011,10.29111,NaN
ev,56011,10.401252,227533090
ev,56011,3.6443090000000002,75012942
ev,56011,8.412346,177600474
ev,56011,6.109856000000001,100304335
ev,56011,5.598577000000001,26528015
ev,56011,5.268858000000001,26340291
ev,56011,4.4924919999999995,10993622
ev,56011,9.702234,222683558
ev,56011,8.296501,218224484
ev,56011,6.745821,NaN
ev,56011,6.36467,80755571
ev,56011,16.277056,NaN
ev,56011,11.114245,NaN
ev,56011,5.695099,174867864
ev,56011,13.833223,NaN
ev,56011,3.41635,77596478
ev,56011,4.252979,15931976
ev,56011,11.347138999999999,NaN
ev,56011,8.822574,290056960
ev,56011,4.395631,7595823
ev,56011,5.75981,230364183
ev,56011,2.172304,25466433
ev,56011,8.09577,NaN
ev,56011,10.402108,NaN
ev,56011,7.861773,231703679
ev,56011,10.696552,NaN
ev,56011,14.290572,NaN
ev,56011,3.866511,85723990
ev,56011,6.72673,NaN
ev,56011,6.487473,148996142
ev,56011,4.242963,NaN
ev,56011,7.652415,NaN
ev,56011,4.162533000000001,149518556
ev,56011,7.699132,148598416
ev,56011,5.981918,NaN
ev,56011,4.784124,146358989
ev,56011,8.452179000000001,NaN
ev,56011,2.5569479999999998,26002122
ev,56011,1.864945,22407491
ev,56011,10.348177999999999,NaN
ev,56011,8.98157,NaN
ev,56011,9.699043,NaN
ev,56011,4.025265999999999,13328853
ev,56011,9.749194,NaN
ev,56011,4.144317,96994512
ev,56011,3.970994,301966094
ev,56011,1.835219,6796093
ev,56011,4.001758000000001,34617537
ev,56011,12.167100999999999,293091121
ev,56011,3.398705,309012789
ev,56011,5.8103620000000005,87366055
ev,56011,2.63085,75121167
ev,56011,5.279081,223116558
ev,56011,4.58723,109943153
ev,56011,2.4446939999999997,82384860
ev,56011,4.534902000000001,106373253
ev,56011,2.070522,83863074
ev,56011,3.351739,161609684
ev,56011,3.996118,92472494
ev,56011,3.048809,28833887
ev,56011,8.508291,NaN
ev,56011,2.1646009999999998,22839473
ev,56011,1.0434649999999999,NaN
ev,56011,7.595687,NaN
ev,56011,3.217105,95506420
ev,56011,4.223806,234329256
ev,56011,3.4806880000000002,92991246
ev,56011,0.985223,23285680
ev,56011,3.538579,27259744
ev,56011,5.3888929999999995,NaN
ev,56011,2.084851,31828207
ev,56011,0.588091,NaN
ev,56011,4.290239000000001,251551798
ev,56011,3.4296819999999997,NaN
ev,56011,6.7520690000000005,87639209
ev,56011,8.792086,NaN
ev,56011,6.197884,225248599
ev,56011,1.201475,NaN
ev,56011,2.855147,33835036
ev,56011,5.860606,99711730
ev,56011,3.0429519999999997,91316549
ev,56011,3.059806,91108338
ev,56011,3.079684,87973814
ev,56011,9.486901000000001,NaN
ev,56011,2.8081270000000003,214606593
ev,56011,3.148865,97141126
ev,56011,1.403537,NaN
ev,56011,2.822996,75977128
ev,56011,3.440775,146933003
ev,56011,8.039123,NaN
ev,56011,2.639984,75388167
ev,56011,2.810331,160813402
ev,56011,2.97851,152585421
ev,56011,2.631429,19371920
ev,56011,1.3450090000000001,26478254
ev,56011,1.934416,7946495
ev,56011,2.987596,300997493
ev,56011,1.375389,29004943
ev,56011,0.807029,NaN
ev,56011,5.437137,233485766
ev,56011,5.835229,365031482
ev,56011,2.405081,156170264
ev,56011,5.7767479999999995,223224116
ev,56011,4.984967,184563862
ev,56011,3.6962800000000002,28125383
ev,56011,2.446831,21320695
ev,56011,1.456497,15072806
ev,56011,4.04379,91240541
ev,56011,4.109056,103153827
ev,56011,3.031218,NaN
ev,56011,7.130458,NaN
ev,56011,1.85701,80922720
ev,56011,1.900042,36066720
ev,56011,4.623666999999999,288850809
ev,56011,4.58213,220603935
ev,56011,4.069577,149610386
ev,56011,1.595556,98851714
ev,56011,6.468648,NaN
ev,56011,1.79556,22553730
ev,56011,3.264683,21984562
ev,56011,1.833498,77066070
ev,56011,13.858703,NaN
ev,56011,5.2215940000000005,NaN
ev,56011,15.313402,NaN
ev,56011,7.6408700000000005,NaN
ev,56011,1.970135,23673484
ev,56011,4.57045,NaN
ev,56011,6.153862,230943564
ev,56011,6.111588,NaN
ev,56011,2.772999,NaN
ev,56011,3.597603,83076961
ev,56011,5.698989,NaN
ev,56011,9.901385000000001,NaN
ev,56011,7.728894,NaN
ev,56011,1.5323209999999998,14759447
ev,56011,1.189418,35574715
ev,56011,2.2291619999999996,152721526
ev,56011,2.728556,76974953
ev,56011,3.804989,76659906
ev,56011,1.753039,36350462
ev,56011,8.711698,NaN
ev,56011,2.678067,92639185
ev,56011,3.9009940000000003,NaN
ev,56011,4.3216909999999995,109357939
ev,56011,3.488283,155488192
ev,56011,5.387002,NaN
ev,56011,10.858041,NaN
ev,56011,5.256881,104256366
ev,56011,1.762716,28156015
ev,56011,6.425364,NaN
ev,56011,4.823174000000001,151329957
ev,56011,3.8126089999999997,223516330
ev,56011,7.779755,NaN
ev,56011,6.704343,NaN
ev,56011,4.51017,238863538
ev,56011,3.9320329999999997,NaN
ev,56011,2.556396,22209712
ev,56011,1.909172,23106123
ev,56011,1.993022,93507342
ev,56011,2.866089,86865094
ev,56011,6.447055,NaN
ev,56011,9.908776,314313754
ev,56011,1.9956269999999998,79727707
ev,56011,4.378549,105326258
ev,56011,3.828363,155393344
ev,56011,2.374954,75017452
ev,56011,5.104333,180710293
ev,56011,7.927181999999999,NaN
ev,56011,9.365260000000001,NaN
ev,56011,1.9645890000000001,75455208
ev,56011,5.335958,NaN
ev,56011,3.794501,91894722
ev,56011,9.117291,NaN
ev,56011,10.335255,NaN
ev,56011,1.924539,95516826
ev,56011,4.7317610000000005,NaN
ev,56011,4.981551,161289460
ev,56011,5.941587,356125720
ev,56011,3.572877,83949619
ev,56011,3.2958309999999997,95052018
ev,56011,2.179823,NaN
ev,56011,7.095641,147838948
ev,56011,4.599776,170448434
ev,56011,9.504057,NaN
ev,56011,1.401916,80845156
ev,56011,5.080302,NaN
ev,56011,2.2720119999999997,92061174
ev,56011,1.9622340000000003,11970235
ev,56011,1.261139,12726930
ev,56011,1.6039139999999998,32285906
ev,56011,1.7105810000000001,78905198
ev,56011,5.05513,230469966
ev,56011,4.564672,97096396
ev,56011,8.891509000000001,NaN
ev,56011,12.128125,NaN
ev,56011,4.687636,108733157
ev,56011,0.446337,NaN
ev,56011,3.013482,106770207
ev,56011,1.827621,19167079
ev,56011,0.5848169999999999,NaN
ev,56011,4.713808,157763092
ev,56011,2.039449,7571332
ev,56011,1.94827,14241606
ev,56011,9.020453,NaN
ev,56011,4.647527999999999,228324114
ev,56011,2.6925790000000003,NaN
ev,56011,2.156748,25378930
ev,56011,0.869165,NaN
ev,56011,3.888921,147226493
ev,56011,5.5298300000000005,NaN
ev,56011,8.065924,NaN
ev,56011,2.583508,NaN
ev,56011,3.6355720000000002,161969974
ev,56011,8.60179,NaN
ev,56011,5.91748,NaN
ev,56011,0.9423269999999999,81103312
ev,56011,3.092008,168360504
ev,56011,4.756662,361304901
ev,56011,3.50914,34150922
ev,56011,4.812609,98667297
ev,56011,3.9425909999999997,NaN
ev,56011,2.334899,23152081
ev,56011,3.0682270000000003,159591606
ev,56011,1.682642,24368603
ev,56011,1.3871630000000001,29422777
ev,56011,5.41987,NaN
ev,56011,5.08162,NaN
ev,56011,7.573349,NaN
ev,56011,7.891333,210388976
ev,56011,6.735042,143018328
ev,56011,4.441247,290278885
ev,56011,0.916791,NaN
ev,56011,1.4447640000000002,28351479
ev,56011,1.3380049999999999,109217403
ev,56011,4.270731,164695861
ev,56011,2.5073309999999998,77120749
ev,56011,3.596451,89477727
ev,56011,3.1090940000000002,100806112
ev,56011,8.278778,NaN
ev,56011,11.62647,NaN
ev,56011,1.705079,88016959
ev,56011,3.2004799999999998,102654146
ev,56011,7.740608000000001,NaN
ev,56011,5.222183,NaN
ev,56011,11.980279,NaN
ev,56011,0.16671,NaN
ev,56011,3.7667059999999997,174454149
ev,56011,8.37026,NaN
ev,56011,1.4832809999999998,152920613
ev,56011,0.218576,NaN
ev,56011,4.198894,103474386
ev,56011,4.3587299999999995,111855218
ev,56011,4.453101,NaN
ev,56011,4.427195,NaN
ev,56011,2.969485,75336520
ev,56011,1.814315,20414900
ev,56011,2.047236,32721100
ev,56011,1.6488710000000002,20086253
ev,56011,4.799531999999999,NaN
ev,56011,1.645929,76715476
ev,56011,1.367245,9390411
ev,56011,11.757966999999999,NaN
ev,56011,4.038464,235305690
ev,56011,1.301175,20319951
ev,56011,3.175121,NaN
ev,56011,0.6490279999999999,NaN
ev,56011,1.94695,34231746
ev,56011,1.9689070000000002,22918079
ev,56011,4.610983,310332488
ev,56011,2.015883,30255200
ev,56011,3.145199,175615123
ev,56011,1.943951,148118085
ev,56011,2.4710829999999997,111339646
ev,56011,0.5454249999999999,NaN
ev,56011,3.988188,102940151
ev,56011,4.379414,170709249
ev,56011,1.414033,12716178
ev,56011,6.663766,NaN
ev,56011,8.338292000000001,NaN
ev,56011,4.815589,113425254
ev,56011,0.68445,NaN
ev,56011,4.392667,107994716
ev,56011,6.967613,NaN
ev,56011,2.641222,162100185
ev,56011,11.589309,NaN
ev,56011,1.3030419999999998,15105406
ev,56011,4.797415999999999,148344698
ev,56011,9.373942,NaN
ev,56011,1.950515,92236044
ev,56011,2.508699,95248437
ev,56011,4.265712,231945614
ev,56011,2.651377,79541810
ev,56011,3.243034,219736824
ev,56011,6.060359,146383465
ev,56011,9.376172,NaN
ev,56011,2.2796700000000003,32130040
ev,56011,2.913608,NaN
ev,56011,3.4913309999999997,88411426
ev,56011,1.7100609999999998,4186257
ev,56011,2.069702,29582311
ev,56011,11.681716999999999,NaN
ev,56011,2.024531,22854923
ev,56011,2.30093,14366677
ev,56011,7.3999310000000005,NaN
ev,56011,4.927927,NaN
ev,56011,3.8921759999999996,220155248
ev,56011,1.089816,102999907
ev,56011,4.333127,233269092
ev,56011,2.089401,76733231
ev,56011,1.6687500000000002,14048382
ev,56011,3.838134,NaN
ev,56011,4.625544,241454531
ev,56011,1.20612,26115555
ev,56011,3.534309,156907879
ev,56011,4.166595,171932707
ev,56011,3.0521749999999996,163841052
ev,56011,5.503395,NaN
ev,56011,9.561736,NaN
ev,56011,10.745237,164968387
ev,56011,4.740262,279682581
ev,56011,9.245217,236069327
ev,56011,3.2344470000000003,108489904
ev,56011,3.5659929999999997,168038737
ev,56011,9.646272,311713810
ev,56011,8.748850000000001,NaN
ev,56011,10.666712,NaN
ev,56011,4.363846000000001,310712514
ev,56011,2.147741,15171330
ev,56011,8.538632000000002,232458908
ev,56011,14.685051,NaN
ev,56011,3.8744460000000003,32095268
ev,56011,4.912019,210730071
ev,56011,2.609191,154421356
ev,56011,2.404617,23985051
ev,56011,3.3625730000000003,112923842
ev,56011,3.146422,27942851
ev,56011,8.912230000000001,296068278
ev,56011,3.699208,25357017
ev,56011,8.714332,150706103
ev,56011,3.2956600000000003,80791261
ev,56011,8.446351,NaN
ev,56011,3.735796,108254761
ev,56011,6.808432,282916139
ev,56011,2.647988,34570210
ev,56011,4.97166,101191862
ev,56011,2.529051,10758368
ev,56011,3.01851,89562998
ev,56011,2.714476,153625960
ev,56011,5.931737,209733612
ev,56011,4.666885,366209752
ev,56011,3.006307,150601851
ev,56011,8.684273,NaN
ev,56011,9.047507,NaN
ev,56011,1.584198,NaN
ev,56011,2.372856,101745739
ev,56011,5.307145,226686531
ev,56011,4.192529,100189117
ev,56011,10.112707,NaN
ev,56011,5.395795,215819510
ev,56011,4.5963389999999995,110803723
ev,56011,6.380774,NaN
ev,56011,4.685204,93744046
ev,56011,10.577185,NaN
ev,56011,2.076455,22639841
ev,56011,3.86034,88149216
ev,56011,9.053646,NaN
ev,56011,2.994632,24764555
ev,56011,2.366388,78473329
ev,56011,8.693055999999999,NaN
ev,56011,3.4993540000000003,NaN
ev,56011,3.371156,148939081
ev,56011,3.981363,81372512
ev,56011,1.5405550000000001,NaN
ev,56011,7.156946,164221879
ev,56011,10.83338,NaN
ev,56011,7.341173,NaN
ev,56011,2.1726110000000003,74816615
ev,56011,12.783472,NaN
ev,56011,10.84282,NaN
ev,56011,2.0892969999999997,74756946
ev,56011,2.269573,30477975
ev,56011,5.835326,NaN
ev,56011,5.176031,235071214
ev,56011,3.338759,91683822
ev,56011,5.774939,223831313
ev,56011,8.827021,NaN
ev,56011,4.364365,88078817
ev,56011,11.756076,NaN
ev,56011,4.282869,222322645
ev,56011,4.698443,243183317
ev,56011,10.748448000000002,NaN
ev,56011,6.126404,151469891
ev,56011,2.8645709999999998,153962241
ev,56011,3.025369,95843768
ev,56011,2.41691,28013773
ev,56011,2.461342,NaN
ev,56011,11.403039,NaN
ev,56011,5.270121,228202204
ev,56011,2.13571,36683768
ev,56011,2.169081,26164953
ev,56011,10.375334,NaN
ev,56011,7.058364999999999,158011130
ev,56011,10.677332,NaN
ev,56011,3.889125,NaN
ev,56011,6.482922,213699721
ev,56011,2.185499,NaN
ev,56011,7.8689789999999995,93373484
ev,56011,2.13673,10544919
ev,56011,2.5965559999999996,100939662
ev,56011,1.6037510000000001,NaN
ev,56011,4.611281,144265739
ev,56011,3.295458,22272206
ev,56011,2.333411,81475516
ev,56011,3.127609,31307637
ev,56011,3.927087,97926775
ev,56011,7.947658,NaN
ev,56011,3.8803549999999998,NaN
ev,56011,11.044437,NaN
ev,56011,3.272365,78934281
ev,56011,2.66109,20582618
ev,56011,5.047853,304189089
ev,56011,3.497007,31778461
ev,56011,3.205959,NaN
ev,56011,9.127446,315264278
ev,56011,2.5279719999999997,83570763
ev,56011,2.2403530000000003,79654210
ev,56011,4.620155,222072955
ev,56011,10.368934,NaN
ev,56011,8.208601,168637787
ev,56011,4.692454000000001,107028709
ev,56011,5.705926,NaN
ev,56011,2.721509,97732122
ev,56011,5.336391,348260068
ev,56011,3.090792,27660314
ev,56011,4.16362,NaN
ev,56011,3.381641,30944973
ev,56011,2.447032,20442588
ev,56011,4.186848,103597344
ev,56011,5.376308,111566662
ev,56011,9.95452,NaN
ev,56011,4.062728,NaN
ev,56011,3.350404,36003090
ev,56011,3.762076,147785470
ev,56011,10.140243,NaN
ev,56011,5.5950940000000005,157800191
ev,56011,3.68585,235508479
ev,56011,4.341289,88603162
ev,56011,3.490879,100797450
ev,56011,9.379966,233145412
ev,56011,1.624822,NaN
ev,56011,3.37007,228936386
ev,56011,3.7026160000000004,NaN
ev,56011,5.237294,90149456
ev,56011,4.145455999999999,250665909
ev,56011,1.900375,21087619
ev,56011,3.725598,221178371
ev,56011,10.794084,NaN
ev,56011,2.76475,13895429
ev,56011,8.080826,NaN
ev,56011,2.932861,31589977
ev,56011,3.901294,208114112
ev,56011,5.09886,NaN
ev,56011,13.582056,NaN
ev,56011,2.799208,28994447
ev,56011,2.11562,4367036
ev,56011,2.938656,97097259
ev,56011,6.861611999999999,NaN
ev,56011,3.742977,90246809
ev,56011,1.611621,NaN
ev,56011,10.627591,NaN
ev,56011,3.9432240000000003,164362751
ev,56011,6.491299,237563377
ev,56011,4.366557,NaN
ev,56011,4.920679,NaN
ev,56011,3.401913,NaN
ev,56011,7.099238,NaN
ev,56011,9.935951,293125395
ev,56011,2.109257,9196603
ev,56011,2.5428059999999997,115104078
ev,56011,3.016529,76627257
ev,56011,5.254435,NaN
ev,56011,9.153514999999999,NaN
ev,56011,6.1032910000000005,NaN
ev,56011,2.7928800000000003,15879510
ev,56011,5.075207,155042692
ev,56011,7.1592210000000005,171399918
ev,56011,4.314935,NaN
ev,56011,4.005971,76265093
ev,56011,2.4823470000000003,102376392
ev,56011,4.068478000000001,229915248
ev,56011,3.104221,32342563
ev,56011,3.284659,228117078
ev,56011,4.076436,155134379
ev,56011,9.118697000000001,NaN
ev,56011,3.166482,32632618
ev,56011,1.5718590000000001,NaN
ev,56011,8.440902999999999,294783976
ev,56011,2.503231,99065842
ev,56011,7.050361,NaN
ev,56011,2.694312,90621480
ev,56011,4.581988,166468296
ev,56011,3.101679,19872783
ev,56011,4.213802,214077626
ev,56011,15.745873000000001,NaN
ev,56011,4.968662,173882789
ev,56011,2.991391,27805512
ev,56011,6.058902,NaN
ev,56011,5.1303149999999995,236304245
ev,56011,2.143722,7156470
ev,56011,2.881258,21138559
ev,56011,10.338989,NaN
ev,56011,2.58555,100428296
ev,56011,2.212487,32526100
ev,56011,2.039575,NaN
ev,56011,7.136913,NaN
ev,56011,7.235167,NaN
ev,56011,2.864977,76731692
ev,56011,4.345931,88760474
ev,56011,5.32702,102135840
ev,56011,15.221708,NaN
ev,56011,9.297311,NaN
ev,56011,12.025325,NaN
ev,56011,3.216423,161356978
ev,56011,2.334951,88881784
ev,56011,4.561647000000001,87594650
ev,56011,2.0548469999999996,7471347
ev,56011,5.560271999999999,NaN
ev,56011,4.032709,244762635
ev,56011,2.9788959999999998,NaN
ev,56011,2.34152,27880818
ev,56011,4.784464000000001,NaN
ev,56011,2.1375550000000003,23952439
ev,56011,2.789269,12184163
ev,56011,3.1972,150066547
ev,56011,5.453564999999999,155762820
ev,56011,3.849601,165170714
ev,56011,2.121375,83586542
ev,56011,2.048415,25364580
ev,56011,4.95622,309400279
ev,56011,2.909401,7078697
ev,56011,3.9154020000000003,103803493
ev,56011,2.278327,24376786
ev,56011,1.774082,32187575
ev,56011,11.125207999999999,NaN
ev,56011,2.8480480000000004,34072156
ev,56011,9.725323,NaN
ev,56011,6.546149000000001,143303486
ev,56011,3.1470380000000002,159450670
ev,56011,2.414143,76917832
ev,56011,3.2009489999999996,NaN
ev,56011,2.961222,36465441
ev,56011,15.497603,NaN
ev,56011,6.572948,NaN
ev,56011,1.916129,30035240
ev,56011,10.726711,NaN
ev,56011,2.428982,93356090
ev,56011,2.859835,19510273
ev,56011,11.015357999999999,NaN
ev,56011,4.273954,154884942
ev,56011,6.667488,NaN
ev,56011,9.511468,NaN
ev,56011,1.461908,NaN
ev,56011,4.65538,81742035
ev,56011,1.8068,NaN
ev,56011,3.854072,91370258
ev,56011,4.993799,168172676
ev,56011,2.340773,75358436
ev,56011,2.22384,145549511
ev,56011,3.3654420000000003,NaN
ev,56011,2.589636,32385289
ev,56011,2.639949,32205541
ev,56011,4.127394000000001,159337781
ev,56011,2.0901,2909387
ev,56011,2.654351,NaN
ev,56011,4.929508,NaN
ev,56011,8.759823,NaN
ev,56011,2.961061,24754375
ev,56011,10.532374,NaN
ev,56011,2.0061020000000003,25230437
ev,56011,6.167434999999999,NaN
ev,56011,2.587072,NaN
ev,56011,2.9789640000000004,76376647
ev,56011,4.269745,113923206
ev,56011,1.5901319999999999,NaN
ev,56011,4.1101410000000005,298892725
ev,56011,3.076883,80536764
ev,56011,1.9634869999999998,NaN
ev,56011,3.303973,25468540
ev,56011,11.672115999999999,NaN
ev,56011,4.163591,35832105
ev,56011,3.083662,183992932
ev,56011,2.566493,29590450
ev,56011,4.812105,NaN
ev,56011,4.346983,NaN
ev,56011,5.079178,241602905
ev,56011,3.43995,101220960
ev,56011,2.669391,28231283
ev,56011,3.413656,NaN
ev,56011,4.239887,235717557
ev,56011,5.1270999999999995,231083144
ev,56011,2.731938,85245711
ev,56011,14.410677999999999,NaN
ev,56011,5.0050490000000005,147183102
ev,56011,2.587666,91515374
ev,56011,4.651266000000001,262060375
ev,56011,2.91967,19650496
ev,56011,5.1061939999999995,NaN
ev,56011,6.142004,NaN
ev,56011,7.5984110000000005,NaN
ev,56011,12.722351,NaN
ev,56011,5.493118,NaN
ev,56011,3.622868,NaN
ev,56011,3.4584960000000002,77262588
ev,56011,2.0664279999999997,10124564
ev,56011,2.434517,35730752
ev,56011,6.161384,174320837
ev,56011,4.619289,150197832
ev,56011,5.040712999999999,162058628
ev,56011,9.937083,NaN
ev,56011,2.295183,37483341
ev,56011,2.588184,86017023
ev,56011,3.791382,NaN
ev,56011,3.486905,103891533
ev,56011,3.3545239999999996,77251689
ev,56011,2.50381,30715021
ev,56011,6.040973,145709303
ev,56011,2.793183,25342566
ev,56011,12.684931,NaN
ev,56011,2.361967,12265383
ev,56011,2.5594699999999997,33540267
ev,56011,2.838167,21573982
ev,56011,4.373482,91780360
ev,56011,12.080511,NaN
ev,56011,10.273883,NaN
ev,56011,6.625634,166889207
ev,56011,13.019058,NaN
ev,56011,12.536141,NaN
ev,56011,4.783299,226151573
ev,56011,2.072015,22142706
ev,56011,2.2079310000000003,25774233
ev,56011,3.1473579999999997,80292640
ev,56011,3.049524,92425484
ev,56011,3.020842,92148370
ev,56011,3.733018,155259826
ev,56011,4.506353,160887447
ev,56011,7.24666,NaN
ev,56011,4.012802000000001,90225226
ev,56011,2.523377,79296792
ev,56011,1.447051,18955438
ev,56011,4.132457,91207419
ev,56011,5.650251,304457834
ev,56011,3.195639,100834310
ev,56011,8.377942,222382232
ev,56011,8.156401,218946664
ev,56011,5.633322,163929674
ev,56011,4.952528,152253002
ev,56011,2.457,149840890
ev,56011,2.202057,8166726
ev,56011,3.073307,98744623
ev,56011,3.7712280000000002,33820074
ev,56011,2.6260950000000003,80899867
ev,56011,2.012508,NaN
ev,56011,4.743060000000001,155844828
ev,56011,3.563681,93070865
ev,56011,11.308864999999999,NaN
ev,56011,4.524318999999999,147627497
ev,56011,4.873162000000001,NaN
ev,56011,4.554328,NaN
ev,56011,2.517568,144732929
ev,56011,2.567698,98197903
ev,56011,5.407075,150644831
ev,56011,3.000277,100854199
ev,56011,4.005191,NaN
ev,56011,3.628949,242376538
ev,56011,3.706566,98061600
ev,56011,3.022611,20350732
ev,56011,6.35478,152732714
ev,56011,4.6443200000000004,91405194
ev,56011,1.710242,NaN
ev,56011,6.431083,NaN
ev,56011,3.118019,37681746
ev,56011,2.410942,93345748
ev,56011,3.417077,105770671
ev,56011,2.319718,NaN
ev,56011,5.1257969999999995,NaN
ev,56011,2.78096,29673666
ev,56011,5.184857999999999,NaN
ev,56011,3.380639,94171122
ev,56011,10.306026,NaN
ev,56011,2.0948189999999998,30316984
ev,56011,10.025121,315858093
ev,56011,2.614969,15348827
ev,56011,10.179860000000001,NaN
ev,56011,4.860144,279079130
ev,56011,4.427373,NaN
ev,56011,8.684008,NaN
ev,56011,3.909592,182961985
ev,56011,8.428862,NaN
ev,56011,3.0378789999999998,37320572
ev,56011,3.163834,34545700
ev,56011,6.279356,NaN
ev,56011,4.875005,169754693
ev,56011,8.883357,NaN
ev,56011,3.746881,217792532
ev,56011,3.519887,37719354
ev,56011,3.0816630000000003,92713935
ev,56011,3.857638,162780558
ev,56011,4.7792140000000005,162905914
ev,56011,6.319343,160185150
ev,56011,4.074808,110174313
ev,56011,16.942064,NaN
ev,56011,12.614628,NaN
ev,56011,4.662310000000001,159034142
ev,56011,2.951176,14746979
ev,56011,2.001563,91350981
ev,56011,4.502699,NaN
ev,56011,14.208264999999999,NaN
ev,56011,1.757438,NaN
ev,56011,12.878627999999999,NaN
ev,56011,7.655942,170806493
ev,56011,2.868073,95940354
ev,56011,7.938027,NaN
ev,56011,2.291595,151377890
ev,56011,10.939124999999999,NaN
ev,56011,7.097854,NaN
ev,56011,3.996097,NaN
ev,56011,7.138006,108376123
ev,56011,3.519546,76630211
ev,56011,2.271333,83880575
ev,56011,2.231513,26711771
ev,56011,2.498678,157316311
ev,56011,2.708549,98946948
ev,56011,8.864526,287543351
ev,56011,5.289083,106276755
ev,56011,4.8454809999999995,NaN
ev,56011,4.885783,82613915
ev,56011,2.273431,36764662
ev,56011,4.608557,157069308
ev,56011,1.722839,NaN
ev,56011,4.215067,NaN
ev,56011,2.7221659999999996,140671070
ev,56011,3.169088,30527654
ev,56011,4.517799,169145648
ev,56011,2.828991,25620630
ev,56011,3.554894,89177374
ev,56011,5.508151,241585946
ev,56011,4.069288,221880212
ev,56011,6.328903,99005086
ev,56011,3.1566170000000002,97087048
ev,56011,2.564262,10848390
ev,56011,1.648348,NaN
ev,56011,7.072356999999999,309372167
ev,56011,1.9740410000000002,74753708
ev,56011,12.399281,NaN
ev,56011,4.613347,NaN
ev,56011,3.7734650000000003,154001531
ev,56011,4.576005,NaN
ev,56011,2.396042,13188592
ev,56011,4.62316,NaN
ev,56011,2.1654109999999998,29194105
ev,56011,4.528524,NaN
ev,56011,6.902032,NaN
ev,56011,2.787064,144448916
ev,56011,4.60115,NaN
ev,56011,3.17476,150257586
ev,56011,4.519228999999999,90248911
ev,56011,4.417339,186635478
ev,56011,3.524836,94736701
ev,56011,3.2553859999999997,91775481
ev,56011,2.560247,85524972
ev,56011,4.340593999999999,94485568
ev,56011,6.121881,390202633
ev,56011,5.867388,172160673
ev,56011,4.892774,NaN
ev,56011,7.5081690000000005,221810483
ev,56011,5.620787,89328694
ev,56011,8.92512,NaN
ev,56011,10.517567999999999,NaN
ev,56011,13.709171,NaN
ev,56011,5.41502,92720866
ev,56011,4.897132,154257652
ev,56011,2.947745,26566162
ev,56011,6.834557,NaN
ev,56011,10.547485,147789911
ev,56011,4.485131,171476074
ev,56011,13.268336,NaN
ev,56011,5.015483000000001,96753604
ev,56011,2.609286,82038746
ev,56011,1.8254549999999998,NaN
ev,56011,1.748211,NaN
ev,56011,4.19576,87565336
ev,56011,1.809874,28709921
ev,56011,2.876162,155293708
ev,56011,1.881039,23737363
ev,56011,3.279208,NaN
ev,56011,3.103744,83309650
ev,56011,4.453396,245317608
ev,56011,12.820245,NaN
ev,56011,2.4337489999999997,31539862
ev,56011,8.315909999999999,171342438
ev,56011,2.923079,22093719
ev,56011,11.671771,NaN
ev,56011,4.103363,291205196
ev,56011,6.984085,232546445
ev,56011,3.50052,32998657
ev,56011,4.570514,148222006
ev,56011,9.568742,NaN
ev,56011,2.038091,79842099
ev,56011,13.139721999999999,NaN
ev,56011,9.824309,NaN
ev,56011,2.866168,98511973
ev,56011,2.608463,12637062
ev,56011,3.105299,15171028
ev,56011,1.857218,NaN
ev,56011,6.856406,NaN
ev,56011,4.345139,NaN
ev,56011,4.828983999999999,163567519
ev,56011,3.511037,20133652
ev,56011,3.972606,174981723
ev,56011,2.839721,21990419
ev,56011,2.045743,95242674
ev,56011,7.82977,99566779
ev,56011,3.8620669999999997,93114454
ev,56011,2.886648,35066902
ev,56011,8.211338,NaN
ev,56011,2.3170360000000003,12272517
ev,56011,3.763233,221091681
ev,56011,2.4181049999999997,23465887
ev,56011,4.774764,249641551
ev,56011,3.581092,36630283
ev,56011,4.925569,287593377
ev,56011,3.662942,97820286
ev,56011,2.6555590000000002,24839631
ev,56011,2.470777,145445589
ev,56011,5.463451,375702377
ev,56011,2.904725,33730992
ev,56011,6.258514,NaN
ev,56011,1.9849189999999999,75990709
ev,56011,2.252664,25007934
ev,56011,3.2517039999999997,233097828
ev,56011,4.765148,NaN
ev,56011,2.070434,14583423
ev,56011,10.745118999999999,NaN
ev,56011,3.375801,36747214
ev,56011,5.770989,434179881
ev,56011,3.014942,79712125
ev,56011,2.2842740000000004,32001376
ev,56011,4.296407,99632071
ev,56011,2.022137,NaN
ev,56011,12.377507,NaN
ev,56011,10.13651,NaN
ev,56011,6.861446,NaN
ev,56011,2.176408,30580805
ev,56011,3.1440919999999997,NaN
ev,56011,4.530908,83143853
ev,56011,6.097295,180590693
ev,56011,7.196866,244375407
ev,56011,2.114315,76435739
ev,56011,2.539669,81948034
ev,56011,3.603139,NaN
ev,56011,2.1438550000000003,84063838
ev,56011,2.0578800000000004,9647023
ev,56011,4.641778,NaN
ev,56011,6.711331,NaN
ev,56011,6.790802,366131819
ev,56011,6.999417,NaN
ev,56011,3.288401,87830258
ev,56011,4.374633,87709099
ev,56011,4.069622,244295723
ev,56011,2.477384,80817223
ev,56011,3.995035,NaN
ev,56011,7.850655999999999,NaN
ev,56011,3.217998,99785443
ev,56011,6.635191000000001,NaN
ev,56011,3.827722,218135430
ev,56011,2.66227,227398513
ev,56011,5.873787,NaN
ev,56011,9.665832,NaN
ev,56011,2.2611749999999997,91329248
ev,56011,2.841025,9937012
ev,56011,4.328824,160790965
ev,56011,2.656761,99534283
ev,56011,1.70715,NaN
ev,56011,3.529515,92633064
ev,56011,2.495512,32897622
ev,56011,4.349864,154661135
ev,56011,3.474382,153231032
ev,56011,3.328171,225026144
ev,56011,8.562006,NaN
ev,56011,4.36585,NaN
ev,56011,1.538702,NaN
ev,56011,13.470199000000001,NaN
ev,56011,4.91178,335599029
ev,56011,3.9451340000000004,177295780
ev,56011,2.103593,23399850
ev,56011,3.171708,29081413
ev,56011,2.177909,23641468
ev,56011,3.336649,155408402
ev,56011,4.516013999999999,NaN
ev,56011,2.356598,82445186
ev,56011,2.036717,NaN
ev,56011,4.958371,NaN
ev,56011,3.665772,NaN
ev,56011,10.683514,356104957
ev,56011,12.40069,NaN
ev,56011,4.317959,110839148
ev,56011,2.6935729999999998,24507134
ev,56011,5.885139000000001,297621293
ev,56011,4.202921,102662942
ev,56011,2.7318189999999998,23151152
ev,56011,4.073848,NaN
ev,56011,2.7818840000000002,96291642
ev,56011,10.290251999999999,NaN
ev,56011,11.730855,NaN
ev,56011,4.697865,157575391
ev,56011,8.849811,NaN
ev,56011,4.098041,165647084
ev,56011,6.444699,240113185
ev,56011,13.742994,NaN
ev,56011,5.4068629999999995,355047831
ev,56011,2.640595,158230375
ev,56011,6.543987,276757740
ev,56011,4.069425,163978986
ev,56011,1.920551,24650473
ev,56011,13.179779000000002,NaN
ev,56011,1.561819,36034675
ev,56011,3.39559,30612611
ev,56011,1.613708,NaN
ev,56011,8.33333,NaN
ev,56011,2.9164920000000003,25447793
ev,56011,10.247946,NaN
ev,56011,2.509793,25407172
ev,56011,1.933455,78752139
ev,56011,2.854127,76642090
ev,56011,7.091246,NaN
ev,56011,10.119031,NaN
ev,56011,2.274459,157264561
ev,56011,5.79814,279634452
ev,56011,5.429126999999999,161134172
ev,56011,5.724294,NaN
ev,56011,14.278361,NaN
ev,56011,3.215204,29926565
ev,56011,3.715408,163206866
ev,56011,4.875945,NaN
ev,56011,2.203356,23019122
ev,56011,2.1167759999999998,22557549
ev,56011,2.060065,28496673
ev,56011,4.786319,171159214
ev,56011,12.082234000000001,NaN
ev,56011,1.9470150000000002,NaN
ev,56011,7.795376,NaN
ev,56011,7.577847,NaN
ev,56011,2.065959,74856971
ev,56011,2.294435,28384969
ev,56011,7.309267,144702038
ev,56011,2.623112,84779607
ev,56011,3.749214,NaN
ev,56011,2.555097,77658118
ev,56011,3.1968029999999996,79905667
ev,56011,11.778886,NaN
ev,56011,8.799441999999999,168139709
ev,56011,3.662032,93425792
ev,56011,4.27908,NaN
ev,56011,3.319037,169375811
ev,56011,2.425756,150678385
ev,56011,2.2570110000000003,96765333
ev,56011,4.563362,363287445
ev,56011,3.3407720000000003,32569539
ev,56011,1.5079900000000002,NaN
ev,56011,8.811110000000001,NaN
ev,56011,3.1153750000000002,37585151
ev,56011,3.037486,168966233
ev,56011,8.379047,NaN
ev,56011,9.290438,NaN
ev,56011,3.644914,NaN
ev,56011,3.937676,90070408
ev,56011,1.951437,21211339
ev,56011,9.458881,NaN
ev,56011,3.969775,302999322
ev,56011,2.010991,23323293
ev,56011,4.060591,NaN
ev,56011,3.570377,82652195
ev,56011,3.0611,155688506
ev,56011,3.10166,36337748
ev,56011,5.16577,229860865
ev,56011,3.609237,82446023
ev,56011,4.088168,97941192
ev,56011,5.2379180000000005,93992804
ev,56011,5.7438460000000005,NaN
ev,56011,2.8958909999999998,12750899
ev,56011,2.445971,20849204
ev,56011,3.817857,NaN
ev,56011,9.320957,NaN
hgv,6796,85.417603,101552789
hgv,6796,18.993511,101330060
hgv,6796,19.381819,30274788
hgv,6796,5.1630199999999995,162687948
hgv,6796,42.444006,NaN
hgv,6796,15.1917,250064858
hgv,6796,7.47148,99025291
hgv,6796,24.464809,432178666
hgv,6796,15.920612,90375148
hgv,6796,2.59782,11904186
hgv,6796,36.186147000000005,NaN
hgv,6796,23.330931999999997,NaN
hgv,6796,11.557922999999999,81750299
hgv,6796,16.463545999999997,172664375
hgv,6796,17.406905000000002,293497527
hgv,6796,11.303611,154077711
hgv,6796,32.509988,NaN
hgv,6796,34.041318000000004,NaN
hgv,6796,28.723447999999998,NaN
hgv,6796,9.782345,99518666
hgv,6796,2.4868669999999997,6885118
hgv,6796,16.642235,372761635
hgv,6796,20.331355,NaN
hgv,6796,5.8365730000000005,90938644
hgv,6796,31.960266,NaN
hgv,6796,4.014449,20091776
hgv,6796,18.427709,298889161
hgv,6796,6.691763,78744401
hgv,6796,9.427468,227358215
hgv,6796,2.38457,10238667
hgv,6796,16.853836,294640753
hgv,6796,4.527526,78075573
hgv,6796,7.910577,85096456
hgv,6796,11.684534,167040671
hgv,6796,4.374938,26906925
hgv,6796,8.86707,98688760
hgv,6796,12.427391,150372144
hgv,6796,13.095649,150297160
hgv,6796,29.11599,NaN
hgv,6796,0.449577,NaN
hgv,6796,18.92073,172585598
hgv,6796,27.582588,NaN
hgv,6796,6.766374000000001,76824368
hgv,6796,32.375102000000005,NaN
hgv,6796,5.4048359999999995,NaN
hgv,6796,5.472499,76620415
hgv,6796,5.012054,93499050
hgv,6796,30.020324000000002,NaN
hgv,6796,5.116633,83467308
hgv,6796,5.83744,26144598
hgv,6796,33.799797,NaN
hgv,6796,34.288795,NaN
hgv,6796,9.137872999999999,94832716
hgv,6796,5.014798,21304940
hgv,6796,35.424434,NaN
hgv,6796,7.5872459999999995,178332927
hgv,6796,5.190986,102153763
hgv,6796,18.580816,165542210
hgv,6796,3.979008,90163288
hgv,6796,5.340796,11929055
hgv,6796,4.047564,98090745
hgv,6796,8.624184999999999,98876810
hgv,6796,6.4256340000000005,161852179
hgv,6796,3.4795580000000004,14672421
hgv,6796,5.994928,175224363
hgv,6796,5.202153999999999,149270793
hgv,6796,25.732535000000002,211377234
hgv,6796,20.673719,NaN
hgv,6796,18.228272999999998,322898907
hgv,6796,4.054572,12038820
hgv,6796,4.431921,83529956
hgv,6796,5.171075,150579217
hgv,6796,28.511192,NaN
hgv,6796,27.530582000000003,NaN
hgv,6796,8.896928,81717895
hgv,6796,28.326549,NaN
hgv,6796,4.316034,13006682
hgv,6796,37.254685,NaN
hgv,6796,21.208303,NaN
hgv,6796,25.619045,292596973
hgv,6796,33.863749999999996,NaN
hgv,6796,10.403559,84805431
hgv,6796,7.903338,148532470
hgv,6796,9.301669,80160655
hgv,6796,24.592236,283578472
hgv,6796,13.35712,175841440
hgv,6796,5.7442329999999995,27678278
hgv,6796,6.788003,146292996
hgv,6796,28.964587,NaN
hgv,6796,32.94467,NaN
hgv,6796,3.076384,20143351
hgv,6796,21.000065,329673147
hgv,6796,14.126944,NaN
hgv,6796,23.080232,288806913
hgv,6796,6.445677000000001,90470222
hgv,6796,6.182481,33396183
hgv,6796,3.0960039999999998,31122472
hgv,6796,0.600163,NaN
hgv,6796,29.994539,NaN
hgv,6796,36.169922,NaN
hgv,6796,9.253976,109570238
hgv,6796,7.671248,232087625
hgv,6796,3.158493,36710962
hgv,6796,2.058409,5375890
hgv,6796,7.232973,91066328
hgv,6796,6.3512960000000005,76808886
hgv,6796,36.162615,NaN
hgv,6796,5.942369,101281578
hgv,6796,35.881420999999996,NaN
hgv,6796,8.956878,92233380
hgv,6796,13.746069,222010569
hgv,6796,3.115691,79821076
hgv,6796,0.6233700000000001,NaN
hgv,6796,11.029403,151901335
hgv,6796,2.999234,78502289
hgv,6796,11.086943,90958578
hgv,6796,33.033702999999996,NaN
hgv,6796,9.260613,90792829
hgv,6796,3.307873,15789419
hgv,6796,6.469873,78217155
hgv,6796,12.215635,184117663
hgv,6796,17.070733,159817498
hgv,6796,7.164928,97474718
hgv,6796,33.263914,NaN
hgv,6796,13.226579000000001,98524262
hgv,6796,4.025059,80355326
hgv,6796,14.968993999999999,161420381
hgv,6796,1.911838,155923804
hgv,6796,30.946855,NaN
hgv,6796,5.009855,158263133
hgv,6796,1.7461760000000002,27807130
hgv,6796,34.089187,NaN
hgv,6796,14.9288,190180342
hgv,6796,33.455314,NaN
hgv,6796,2.7761970000000002,27346529
hgv,6796,31.451213,NaN
hgv,6796,1.7638230000000001,21869879
hgv,6796,30.716186,NaN
hgv,6796,20.900347999999997,360104290
hgv,6796,28.223253,NaN
hgv,6796,6.566242,155121129
hgv,6796,2.224437,97778518
hgv,6796,35.094014,NaN
hgv,6796,2.8126990000000003,12846353
hgv,6796,17.012211,155182224
hgv,6796,38.852412,NaN
hgv,6796,17.887687,240483680
hgv,6796,5.144417,35394724
hgv,6796,4.067025999999999,10025996
hgv,6796,10.706328,NaN
hgv,6796,28.869979999999998,NaN
hgv,6796,6.899576,30912306
hgv,6796,7.6283710000000005,76209748
hgv,6796,17.061957999999997,138587367
hgv,6796,8.715556,159623166
hgv,6796,0.558115,NaN
hgv,6796,26.176619000000002,NaN
hgv,6796,30.268034999999998,NaN
hgv,6796,23.113391,212836471
hgv,6796,35.238796,NaN
hgv,6796,18.590535,316318469
hgv,6796,9.059465,94715973
hgv,6796,20.19684,219589196
hgv,6796,1.88155,6562162
hgv,6796,12.755464,NaN
hgv,6796,4.078018,NaN
hgv,6796,33.143406999999996,NaN
hgv,6796,1.4629619999999999,16164431
hgv,6796,4.688568,153051915
hgv,6796,10.912763,NaN
hgv,6796,2.9558649999999997,15195036
hgv,6796,1.710785,25448789
hgv,6796,10.346232,148740396
hgv,6796,0.437804,NaN
hgv,6796,4.390311,36531745
hgv,6796,2.3220359999999998,10773534
hgv,6796,2.524605,91293078
hgv,6796,1.9137279999999999,13293192
hgv,6796,35.797703,NaN
hgv,6796,5.6298829999999995,10562388
hgv,6796,17.603946,164788406
hgv,6796,20.977746,168728015
hgv,6796,2.177972,NaN
hgv,6796,8.118443,98939992
hgv,6796,2.617009,35239216
hgv,6796,26.768808,282650843
hgv,6796,0.440611,NaN
hgv,6796,7.290024,171700718
hgv,6796,3.942116,NaN
hgv,6796,2.592076,NaN
hgv,6796,1.818468,19916878
hgv,6796,13.790965,103245138
hgv,6796,6.820453,111654915
hgv,6796,0.706978,NaN
hgv,6796,16.307309999999998,239736930
hgv,6796,13.428219,174517974
hgv,6796,4.796512,25582819
hgv,6796,12.784412,169470988
hgv,6796,12.087982,105897146
hgv,6796,1.658004,16075563
hgv,6796,19.373232,NaN
hgv,6796,22.637793,NaN
hgv,6796,4.401048,92657811
hgv,6796,14.34004,176770825
hgv,6796,28.80267,NaN
hgv,6796,19.717616,219575972
hgv,6796,12.448984999999999,NaN
hgv,6796,6.18523,95280510
hgv,6796,21.512442999999998,NaN
hgv,6796,4.583539,24663752
hgv,6796,9.966739,223457600
hgv,6796,15.306638,158872755
hgv,6796,8.401975,112298044
hgv,6796,24.819192,NaN
hgv,6796,32.361231999999994,NaN
hgv,6796,31.749442000000002,NaN
hgv,6796,3.357005,NaN
hgv,6796,2.738569,NaN
hgv,6796,3.280789,25017264
hgv,6796,34.51896,NaN
hgv,6796,6.6931400000000005,75104257
hgv,6796,27.881411,NaN
hgv,6796,3.082463,149853891
hgv,6796,12.105225,301237085
hgv,6796,3.6272029999999997,27577559
hgv,6796,11.979719999999999,112336373
hgv,6796,11.90223,89044986
hgv,6796,25.09056,NaN
hgv,6796,15.620787,217266963
hgv,6796,5.028274,26839236
hgv,6796,24.971062,NaN
hgv,6796,18.244855,382781290
hgv,6796,16.217406,107241594
hgv,6796,2.649426,94997813
hgv,6796,8.6957,171983127
hgv,6796,13.381585999999999,104633369
hgv,6796,30.564226,NaN
hgv,6796,32.703647000000004,NaN
hgv,6796,4.524271,31258997
hgv,6796,4.8442,88821957
hgv,6796,2.928538,NaN
hgv,6796,0.406286,NaN
hgv,6796,27.51597,NaN
hgv,6796,8.584171999999999,84100066
hgv,6796,30.596735,NaN
hgv,6796,5.670327,89756358
hgv,6796,28.508855,NaN
hgv,6796,32.381569,NaN
hgv,6796,14.83263,113577708
hgv,6796,6.957474,100672405
hgv,6796,7.183996,91184072
hgv,6796,39.668420000000005,NaN
hgv,6796,2.7268909999999997,75381156
hgv,6796,4.969868,92607293
hgv,6796,3.623285,33645565
hgv,6796,16.442739000000003,102388192
hgv,6796,26.452485000000003,NaN
hgv,6796,5.9926260000000005,81064349
hgv,6796,20.157643,NaN
hgv,6796,4.151915,76997726
hgv,6796,2.5141389999999997,NaN
hgv,6796,12.861549,182935803
hgv,6796,3.6967100000000004,23636486
hgv,6796,9.707636,158957972
hgv,6796,3.520693,29218068
hgv,6796,29.741384999999998,NaN
hgv,6796,1.7444579999999998,7778002
hgv,6796,11.696257999999998,107120954
hgv,6796,37.36714,NaN
hgv,6796,36.273047000000005,NaN
hgv,6796,7.848717999999999,91695890
hgv,6796,25.294196000000003,NaN
hgv,6796,4.0580110000000005,101693938
hgv,6796,2.6480200000000003,78715565
hgv,6796,25.221665,NaN
hgv,6796,32.687763000000004,NaN
hgv,6796,5.732297,77911763
hgv,6796,7.889635000000001,80566529
hgv,6796,8.821137,92386613
hgv,6796,8.769412,101413790
hgv,6796,3.776532,91470395
hgv,6796,29.909133,NaN
hgv,6796,1.669098,14955966
hgv,6796,0.273822,NaN
hgv,6796,9.440983,153528790
hgv,6796,5.401503,148303947
hgv,6796,2.505864,12779887
hgv,6796,4.819127,85302069
hgv,6796,30.440948,NaN
hgv,6796,11.871086,230685076
hgv,6796,11.889320999999999,244039931
hgv,6796,32.050895000000004,NaN
hgv,6796,12.389809999999999,142826430
hgv,6796,31.711451,NaN
hgv,6796,2.581265,76446732
hgv,6796,2.123256,25838855
hgv,6796,19.247351,162186967
hgv,6796,7.882962,155157113
hgv,6796,12.465792,176705132
hgv,6796,6.067563,158953121
hgv,6796,25.278012,NaN
hgv,6796,5.262664,24117546
hgv,6796,31.495206999999997,NaN
hgv,6796,1.441839,7307104
hgv,6796,16.950235,189459695
hgv,6796,12.693586,101139226
hgv,6796,10.86825,NaN
hgv,6796,16.607162000000002,163456851
hgv,6796,3.711801,91755064
hgv,6796,32.630238,NaN
hgv,6796,8.62561,158433831
hgv,6796,5.667644,37670642
hgv,6796,11.051749,103576431
hgv,6796,30.651013000000003,NaN
hgv,6796,2.390371,8512869
hgv,6796,26.155118,166844722
hgv,6796,4.259329,167298466
hgv,6796,0.681428,NaN
hgv,6796,24.709985,316765368
hgv,6796,5.828124,84100497
hgv,6796,6.3019240000000005,185148681
hgv,6796,22.932351999999998,NaN
hgv,6796,4.351451,33295644
hgv,6796,4.525674,29978679
hgv,6796,2.7559389999999997,166386282
hgv,6796,19.062915,NaN
hgv,6796,32.560824000000004,NaN
hgv,6796,6.117871,22716629
hgv,6796,32.946528,NaN
hgv,6796,31.983597000000003,NaN
hgv,6796,2.273226,15081444
hgv,6796,4.352898,32191463
hgv,6796,2.111262,21781779
hgv,6796,33.770657,NaN
hgv,6796,6.41682,166443454
hgv,6796,34.764129,NaN
hgv,6796,1.646759,15779693
hgv,6796,13.061547,165711167
hgv,6796,12.119914000000001,90155138
hgv,6796,14.395889,238207314
hgv,6796,1.4140279999999998,34998054
hgv,6796,2.267779,29938692
hgv,6796,12.568529999999999,105712002
hgv,6796,8.517486,229508897
hgv,6796,35.527213,NaN
hgv,6796,3.9699160000000004,91114816
hgv,6796,1.2020240000000002,75356694
hgv,6796,30.601885,NaN
hgv,6796,8.676368,109019326
hgv,6796,0.958915,19319704
hgv,6796,8.009207,233773594
hgv,6796,1.265562,3432470
hgv,6796,7.589926,106534024
hgv,6796,27.951303,NaN
hgv,6796,8.316373,19539092
hgv,6796,22.139127000000002,NaN
hgv,6796,2.154067,NaN
hgv,6796,4.054776,NaN
hgv,6796,4.205393,14670752
hgv,6796,2.6676439999999997,94808329
hgv,6796,3.740097,91401431
hgv,6796,5.767607,23880808
hgv,6796,31.990778999999996,NaN
hgv,6796,5.108517,26356731
hgv,6796,11.452817000000001,141444395
hgv,6796,5.028635,11335944
hgv,6796,33.024152,NaN
hgv,6796,20.516105,NaN
hgv,6796,22.691995,NaN
hgv,6796,26.021383,NaN
hgv,6796,5.481487,12103645
hgv,6796,6.916086,219834065
hgv,6796,29.867333,NaN
hgv,6796,36.194184,NaN
hgv,6796,0.195597,NaN
hgv,6796,31.544413,NaN
hgv,6796,13.887343999999999,220522558
hgv,6796,5.140796000000001,172237554
hgv,6796,4.333762,85914322
hgv,6796,2.176805,20022959
hgv,6796,5.347174,141451443
hgv,6796,37.847277999999996,NaN
hgv,6796,20.921755,241043599
hgv,6796,3.4826200000000003,NaN
hgv,6796,5.9741990000000005,93212615
hgv,6796,2.536424,10209486
hgv,6796,2.2204550000000003,12459502
hgv,6796,15.856183,180794341
hgv,6796,10.205713999999999,97212407
hgv,6796,22.887758,NaN
hgv,6796,19.326369,NaN
hgv,6796,1.370405,11762621
hgv,6796,3.493932,96766331
hgv,6796,1.413808,5679130
hgv,6796,8.554004,154634249
hgv,6796,29.410964,NaN
hgv,6796,18.331371,NaN
hgv,6796,10.579353999999999,100177623
hgv,6796,13.369793,99987008
hgv,6796,14.092202,162165808
hgv,6796,2.055833,29542553
hgv,6796,6.220034,153604767
hgv,6796,2.8535280000000003,34698611
hgv,6796,12.409359,NaN
hgv,6796,23.420605000000002,NaN
hgv,6796,8.514765,98818070
hgv,6796,6.169804,80883531
hgv,6796,18.952343,429854925
hgv,6796,16.830257,154223182
hgv,6796,3.935026,85134218
hgv,6796,34.075803,NaN
hgv,6796,6.013044000000001,110374438
hgv,6796,0.213499,NaN
hgv,6796,1.351228,94816104
hgv,6796,11.354621,169189979
hgv,6796,38.278313000000004,NaN
hgv,6796,17.134846,174426703
hgv,6796,28.526221,NaN
hgv,6796,5.3189839999999995,101026191
hgv,6796,1.525937,11468667
hgv,6796,33.696429,NaN
hgv,6796,31.630730000000003,NaN
hgv,6796,2.42543,28998911
hgv,6796,18.160359,NaN
hgv,6796,28.674419,NaN
hgv,6796,1.9262979999999998,NaN
hgv,6796,0.817913,1621032
hgv,6796,17.752263,223448237
hgv,6796,15.112702,211403459
hgv,6796,30.654702999999998,NaN
hgv,6796,4.832431,33167013
hgv,6796,36.200433999999994,NaN
hgv,6796,4.566412,90764871
hgv,6796,12.783214,153481576
hgv,6796,6.642157999999999,35632496
hgv,6796,34.610600999999996,NaN
hgv,6796,0.264709,NaN
hgv,6796,12.092443,328666431
hgv,6796,5.951329,147451106
hgv,6796,2.817824,14615642
hgv,6796,13.626095,NaN
hgv,6796,2.32829,109457063
hgv,6796,2.618294,34051689
hgv,6796,10.880829,149677929
hgv,6796,5.492052,31778314
hgv,6796,5.841811,170489758
hgv,6796,4.685282,25126867
hgv,6796,7.661882,214313485
hgv,6796,37.068261,NaN
hgv,6796,22.577316,286720384
hgv,6796,4.273868,93337929
hgv,6796,23.062907,NaN
hgv,6796,10.925168000000001,92317667
hgv,6796,5.125803,30730998
hgv,6796,9.592013,157308974
hgv,6796,10.722448,NaN
hgv,6796,35.425871,NaN
hgv,6796,12.915222,169301538
hgv,6796,6.636015,158814239
hgv,6796,26.888151,NaN
hgv,6796,1.553231,76374421
hgv,6796,4.85694,80915430
hgv,6796,8.279485,162625504
hgv,6796,2.327262,85444753
hgv,6796,5.015243,94308196
hgv,6796,1.744326,14529387
hgv,6796,23.933114,NaN
hgv,6796,2.9502420000000003,91871075
hgv,6796,31.357963,NaN
hgv,6796,9.557132,85061213
hgv,6796,3.2107390000000002,13732668
hgv,6796,4.465486,29231218
hgv,6796,20.820563,364772776
hgv,6796,5.939266,79758526
hgv,6796,2.979537,21053607
hgv,6796,8.811429,96029156
hgv,6796,22.144125,NaN
hgv,6796,5.2351790000000005,15587448
hgv,6796,8.366985,102879210
hgv,6796,3.814333,225041796
hgv,6796,5.214687,157004349
hgv,6796,2.059753,11083439
hgv,6796,29.770115,NaN
hgv,6796,1.4602490000000001,NaN
hgv,6796,10.115305,145589313
hgv,6796,2.363582,37491054
hgv,6796,5.869192,152239669
hgv,6796,29.935239999999997,NaN
hgv,6796,9.938026,148709536
hgv,6796,23.748596,287624778
hgv,6796,15.165161,NaN
hgv,6796,2.796255,NaN
hgv,6796,3.639317,15167987
hgv,6796,3.9365370000000004,NaN
hgv,6796,1.5554130000000002,3947262
hgv,6796,2.600225,97231264
hgv,6796,30.225064999999997,NaN
hgv,6796,9.276110000000001,100485134
hgv,6796,26.663599,NaN
hgv,6796,24.82214,NaN
hgv,6796,2.8319389999999998,92814514
hgv,6796,5.571365,85802805
hgv,6796,1.3158370000000001,9956330
hgv,6796,12.285301,174983365
hgv,6796,38.999673,NaN
hgv,6796,10.572133,157833417
hgv,6796,26.664594,NaN
hgv,6796,2.458872,28324771
hgv,6796,4.3075090000000005,177855219
hgv,6796,4.540619,76591748
hgv,6796,15.338845000000001,180319011
hgv,6796,9.399028,80138155
hgv,6796,14.216894,166360573
hgv,6796,27.254776,NaN
hgv,6796,3.192462,93873714
hgv,6796,30.623792,NaN
hgv,6796,25.610058000000002,NaN
hgv,6796,37.380228,NaN
hgv,6796,4.175333,148162554
hgv,6796,1.465674,26208004
hgv,6796,32.014395,NaN
hgv,6796,0.36166,NaN
hgv,6796,35.653513,NaN
hgv,6796,28.406498,234818428
hgv,6796,2.4763290000000002,14839930
hgv,6796,31.244833,NaN
hgv,6796,2.710404,25735594
hgv,6796,1.619724,6861673
hgv,6796,6.89599,151672226
hgv,6796,2.146464,10822062
hgv,6796,18.650284,114003708
hgv,6796,1.738318,94840311
hgv,6796,29.418519,NaN
hgv,6796,15.034253,243418916
hgv,6796,3.408797,76229200
hgv,6796,29.796456999999997,NaN
hgv,6796,10.053865,34693509
hgv,6796,19.749729000000002,162263553
hgv,6796,0.281057,NaN
hgv,6796,6.698253,81843403
hgv,6796,7.928275,89719191
hgv,6796,25.655084000000002,NaN
hgv,6796,34.348425,NaN
hgv,6796,12.308936,228388603
hgv,6796,15.03354,NaN
hgv,6796,24.213820000000002,252023835
hgv,6796,3.3528439999999997,83798255
hgv,6796,2.36068,28866293
hgv,6796,12.336518,NaN
hgv,6796,4.28536,148100268
hgv,6796,35.924973,NaN
hgv,6796,10.796776,99912533
hgv,6796,29.600464,302605945
hgv,6796,0.855541,27454987
hgv,6796,21.690929,153211733
hgv,6796,26.091003,229129912
hgv,6796,0.081482,NaN
hgv,6796,32.266932999999995,NaN
hgv,6796,27.600617,NaN
hgv,6796,4.426772,NaN
hgv,6796,7.020454,29895526
hgv,6796,19.617361,350534242
hgv,6796,10.083661000000001,182208898
hgv,6796,2.9857299999999998,91191003
hgv,6796,4.620391,22526316
hgv,6796,3.727409,113194747
hgv,6796,28.638552,NaN
hgv,6796,28.458895000000002,NaN
hgv,6796,21.769605000000002,NaN
hgv,6796,31.172885,NaN
hgv,6796,12.188248,NaN
hgv,6796,2.680786,30542945
hgv,6796,10.393049,NaN
hgv,6796,5.7930280000000005,92343017
hgv,6796,8.812808,84241434
hgv,6796,4.582852,100832545
hgv,6796,4.205581,32637984
hgv,6796,2.799376,78630431
hgv,6796,28.202145,NaN
hgv,6796,3.526961,15273310
hgv,6796,28.330479,NaN
hgv,6796,1.9947200000000003,83295191
hgv,6796,15.568512,376298007
hgv,6796,38.238718999999996,NaN
hgv,6796,14.050254,91764237
hgv,6796,0.33912,NaN
hgv,6796,5.084979,216060237
hgv,6796,5.582415999999999,164275045
hgv,6796,19.751744000000002,430994947
hgv,6796,20.191124000000002,NaN
hgv,6796,10.631032000000001,151926714
hgv,6796,33.799097,NaN
hgv,6796,18.838522,377307861
hgv,6796,7.943857,154080008
hgv,6796,6.805904,108479377
hgv,6796,28.835372000000003,NaN
hgv,6796,4.967478,152830244
hgv,6796,1.842356,NaN
hgv,6796,5.354414,165243527
hgv,6796,30.341033,NaN
hgv,6796,37.536284,NaN
hgv,6796,2.84468,92587415
hgv,6796,4.970836,NaN
hgv,6796,10.52257,147732405
hgv,6796,4.0938609999999995,29062347
hgv,6796,13.578456,303128132
hgv,6796,14.143226,246404485
hgv,6796,16.575342,177137574
hgv,6796,16.735979,152295557
hgv,6796,11.792475999999999,NaN
hgv,6796,3.187843,30529976
hgv,6796,2.8131779999999997,NaN
hgv,6796,2.285055,21550602
hgv,6796,0.724778,85823342
hgv,6796,27.777017,NaN
hgv,6796,3.427788,NaN
hgv,6796,1.47953,27628520
hgv,6796,3.402664,24688695
hgv,6796,30.589013,NaN
hgv,6796,3.0398460000000003,76502183
hgv,6796,0.938882,NaN
hgv,6796,2.364737,19323457
hgv,6796,5.118481999999999,171985366
hgv,6796,13.183283000000001,240107865
hgv,6796,5.966163,170456168
hgv,6796,1.528036,160264605
hgv,6796,18.927276,174245529
hgv,6796,34.90092,NaN
hgv,6796,5.715218,28713002
hgv,6796,39.474036,NaN
hgv,6796,7.2685960000000005,23201191
hgv,6796,1.282923,85199518
hgv,6796,9.505785,248307849
hgv,6796,8.224741,89580801
hgv,6796,13.797287,NaN
hgv,6796,12.194139,167506791
hgv,6796,15.472145,166847867
hgv,6796,4.66939,139507271
hgv,6796,38.598818,NaN
hgv,6796,8.231603,77295550
hgv,6796,2.658862,86891056
hgv,6796,10.532737000000001,108106202
hgv,6796,31.196655,NaN
hgv,6796,2.991187,88420645
hgv,6796,29.106984999999998,NaN
hgv,6796,8.983626999999998,223128028
hgv,6796,7.353693,78094923
hgv,6796,2.073703,75884720
hgv,6796,5.2752229999999996,77765644
hgv,6796,0.225415,NaN
hgv,6796,14.654403,NaN
hgv,6796,3.918655,76020735
hgv,6796,33.727836999999994,NaN
hgv,6796,27.749355,NaN
hgv,6796,1.5853830000000002,NaN
hgv,6796,0.566514,NaN
hgv,6796,2.576157,25664682
hgv,6796,25.284059000000003,NaN
hgv,6796,19.707597,215021649
hgv,6796,28.087981000000003,NaN
hgv,6796,6.547572,85670788
hgv,6796,2.059276,25958546
hgv,6796,30.476138,NaN
hgv,6796,32.914100000000005,NaN
hgv,6796,33.72853,NaN
hgv,6796,5.064893,26709716
hgv,6796,20.057465,176241553
hgv,6796,22.626499000000003,359289805
hgv,6796,20.73341,296312697
hgv,6796,11.474796000000001,240699271
hgv,6796,20.607554,183642594
hgv,6796,11.327304999999999,NaN
hgv,6796,1.96285,14180394
hgv,6796,27.715527,NaN
hgv,6796,29.127103,NaN
hgv,6796,4.651464,NaN
hgv,6796,20.338428,NaN
hgv,6796,33.768546,NaN
hgv,6796,2.286944,15458482
hgv,6796,4.161431,82663237
hgv,6796,35.278018,NaN
hgv,6796,33.337941,NaN
hgv,6796,5.570012,29108902
hgv,6796,1.847267,NaN
hgv,6796,11.376961999999999,179850502
hgv,6796,3.845053,13818177
hgv,6796,9.877577,88323262
hgv,6796,2.6913240000000003,11749811
hgv,6796,34.929930999999996,NaN
hgv,6796,3.3268109999999997,88731295
hgv,6796,7.574504999999999,79277779
hgv,6796,13.85482,147967038
hgv,6796,23.863175000000002,NaN
hgv,6796,5.224600000000001,89076517
hgv,6796,8.391297000000002,87793636
hgv,6796,24.975654,NaN
hgv,6796,7.087535,81107394
hgv,6796,24.745233,NaN
hgv,6796,10.454813,NaN
hgv,6796,3.170657,20737965
hgv,6796,2.5182960000000003,77356933
hgv,6796,31.535353,NaN
hgv,6796,5.4361619999999995,23372761
hgv,6796,30.653812,NaN
hgv,6796,28.179972,NaN
hgv,6796,19.718545,NaN
hgv,6796,0.744552,NaN
hgv,6796,14.384473,145754323
hgv,6796,10.278469,167140733
hgv,6796,33.922914,NaN
hgv,6796,14.227606999999999,NaN
hgv,6796,30.356107,NaN
hgv,6796,6.650915,111955846
hgv,6796,13.52454,158828801
hgv,6796,31.330254000000004,NaN
hgv,6796,13.48017,151310321
hgv,6796,3.4449530000000004,81699233
hgv,6796,2.1378209999999997,77387268
hgv,6796,2.012849,NaN
hgv,6796,1.704221,9856136
hgv,6796,5.242299,21358153
hgv,6796,2.488368,25579019
hgv,6796,25.798823,385762979
hgv,6796,23.158351,387080816
hgv,6796,17.984732,362217434
hgv,6796,0.43550300000000003,NaN
hgv,6796,11.902564,NaN
hgv,6796,40.914023,NaN
hgv,6796,4.79361,88592200
hgv,6796,10.585018,94497641
hgv,6796,38.662189,NaN
hgv,6796,10.488862999999998,97595105
hgv,6796,20.181193999999998,NaN
hgv,6796,5.665,230903644
hgv,6796,36.219887,NaN
hgv,6796,1.4480359999999999,149714639
hgv,6796,1.640162,81308903
hgv,6796,13.940463,NaN
hgv,6796,2.559734,19504100
hgv,6796,1.163969,11335983
hgv,6796,3.359975,93434557
hgv,6796,1.872818,21568797
hgv,6796,35.168092,NaN
hgv,6796,30.467461,NaN
hgv,6796,3.8930700000000003,20424840
hgv,6796,2.15482,32632467
hgv,6796,4.147320000000001,94511012
hgv,6796,12.964424000000001,84621282
hgv,6796,1.724886,30065407
hgv,6796,6.360355,26835430
hgv,6796,16.513982,107926020
hgv,6796,27.661208,NaN
hgv,6796,3.913613,156888246
hgv,6796,28.938805000000002,NaN
hgv,6796,7.675166,93402107
hgv,6796,4.0049079999999995,111088278
hgv,6796,4.049613,NaN
hgv,6796,18.123024,323765850
hgv,6796,3.675251,8917450
hgv,6796,12.495101,146840199
hgv,6796,30.234109,NaN
hgv,6796,40.91433,NaN
hgv,6796,0.788645,14414712
hgv,6796,35.050765999999996,NaN
hgv,6796,5.480004999999999,76627640
hgv,6796,28.926724,NaN
hgv,6796,1.5575999999999999,15723660
hgv,6796,10.276337,359534082
hgv,6796,15.411340000000001,90289793
hgv,6796,11.232889,75887432
hgv,6796,11.121246,89236787
hgv,6796,10.548108000000001,167229370
hgv,6796,1.6291980000000001,19081858
hgv,6796,19.642422,NaN
hgv,6796,32.461329,NaN
hgv,6796,32.504629,NaN
hgv,6796,5.0444130000000005,89606316
hgv,6796,2.8553290000000002,27780099
hgv,6796,7.6049869999999995,187761759
hgv,6796,24.922578,NaN
hgv,6796,28.807156,NaN
hgv,6796,1.920783,79023840
hgv,6796,1.6035400000000002,147946447
hgv,6796,0.260793,NaN
hgv,6796,27.950785999999997,NaN
hgv,6796,37.48192,NaN
hgv,6796,2.814213,147059129
hgv,6796,7.186897999999999,97931759
hgv,6796,34.205868,NaN
hgv,6796,2.8430730000000004,22324664
hgv,6796,21.462362,NaN
hgv,6796,12.203597,150914362
hgv,6796,6.032369999999999,24553363
hgv,6796,2.077236,7992669
hgv,6796,34.069923,NaN
hgv,6796,1.665351,10590782
hgv,6796,13.465126,221730458
hgv,6796,18.771528999999997,NaN
hgv,6796,2.51481,24624295
hgv,6796,7.399697000000001,238506655
hgv,6796,6.612995,81796559
hgv,6796,4.058356,93105634
hgv,6796,6.216745,31659187
hgv,6796,3.0980220000000003,22125914
hgv,6796,30.326090999999998,NaN
hgv,6796,3.732115,89465611
hgv,6796,2.24989,24222929
hgv,6796,1.2089869999999998,NaN
hgv,6796,3.1386410000000002,155661937
hgv,6796,3.87418,26814050
hgv,6796,1.805938,21390259
hgv,6796,19.406304,NaN
hgv,6796,6.661907,37115586
hgv,6796,1.6731090000000002,NaN
hgv,6796,17.646114,221678992
hgv,6796,11.344738,148937447
hgv,6796,0.28624299999999997,NaN
hgv,6796,5.61287,91619877
hgv,6796,5.747248,81276258
hgv,6796,2.590733,95650551
hgv,6796,26.450937,NaN
hgv,6796,22.504106,NaN
hgv,6796,5.336893,80230698
hgv,6796,27.071257000000003,NaN
hgv,6796,2.21326,13243005
hgv,6796,35.236487,NaN
hgv,6796,13.148359,89185573
hgv,6796,4.6283449999999995,15793251
hgv,6796,19.499137,212697754
hgv,6796,11.140202,241131870
hgv,6796,40.738791000000006,NaN
hgv,6796,9.002013,90431625
hgv,6796,4.9547870000000005,15906020
hgv,6796,3.901765,90941190
hgv,6796,4.192212,27624843
hgv,6796,34.855519,NaN
hgv,6796,1.93279,25793218
hgv,6796,3.970546,22492762
hgv,6796,8.784236,100773100
hgv,6796,13.652611,102047194
hgv,6796,33.732485,NaN
hgv,6796,2.040271,21943012
hgv,6796,7.11301,23718096
hgv,6796,8.791402,86936038
hgv,6796,9.670168,89652475
hgv,6796,4.197529,32635155
hgv,6796,35.138073999999996,NaN
hgv,6796,10.545776,NaN
hgv,6796,31.279507999999996,NaN
hgv,6796,3.72508,30522811
hgv,6796,12.577164,237343010
hgv,6796,11.155225,180044599
hgv,6796,0.249497,NaN
hgv,6796,8.975426,147005782
hgv,6796,1.8652810000000002,NaN
hgv,6796,4.61411,94948864
hgv,6796,3.440405,25420854
hgv,6796,0.9635429999999999,81574845
hgv,6796,5.277697,27924116
hgv,6796,8.183442000000001,104775290
hgv,6796,8.88887,83906385
hgv,6796,10.694122,181820817
hgv,6796,4.5683039999999995,27896890
hgv,6796,31.097587,NaN
hgv,6796,19.288405,NaN
hgv,6796,1.218807,10959113
hgv,6796,7.156663,75425591
hgv,6796,5.982324,152450303
hgv,6796,19.425141,NaN
hgv,6796,13.068121,NaN
hgv,6796,2.613471,20795940
hgv,6796,5.024755,30515708
hgv,6796,20.610080999999997,223830583
hgv,6796,2.0878810000000003,28581781
hgv,6796,7.085445,27603649
hgv,6796,13.19697,147328980
hgv,6796,1.238224,NaN
hgv,6796,2.622815,77009575
hgv,6796,2.0816760000000003,18968425
hgv,6796,22.399276999999998,NaN
hgv,6796,3.195103,NaN
hgv,6796,33.548426,NaN
hgv,6796,26.690697,NaN
hgv,6796,44.273276,NaN
hgv,6796,13.882192,99062081
hgv,6796,3.229516,5937747
hgv,6796,4.546269000000001,24011578
hgv,6796,10.235082,98314842
hgv,6796,30.23752,NaN
hgv,6796,4.445315,13121846
hgv,6796,22.222686,161043245
hgv,6796,6.362427,22965858
hgv,6796,33.962886999999995,NaN
hgv,6796,9.340733,156910019
hgv,6796,2.938704,93488638
hgv,6796,29.879765,NaN
hgv,6796,36.362694,NaN
hgv,6796,6.829089,81329807
hgv,6796,2.528944,6891868
hgv,6796,21.274562,NaN
hgv,6796,28.895258,NaN
hgv,6796,5.157986,99071733
hgv,6796,11.688995,90850305
hgv,6796,17.236606000000002,154414439
hgv,6796,13.562023,221410817
hgv,6796,2.882961,99592952
hgv,6796,13.265134,NaN
hgv,6796,33.677044,NaN
hgv,6796,38.470834,NaN
hgv,6796,2.468274,9432237
hgv,6796,37.455062,NaN
hgv,6796,4.401167,NaN
hgv,6796,4.515428999999999,80396817
hgv,6796,32.539956000000004,NaN
hgv,6796,4.614399,75867441
hgv,6796,18.657551,248874604
hgv,6796,10.955847,233934427
hgv,6796,3.102932,32153942
hgv,6796,2.923685,8517542
hgv,6796,13.954099,316653510
hgv,6796,22.30905,NaN
hgv,6796,8.00412,77164869
hgv,6796,26.986932000000003,NaN
hgv,6796,4.567642,151627648
hgv,6796,5.767004,210230968
hgv,6796,31.136076,NaN
hgv,6796,11.872277,159829740
hgv,6796,2.032066,NaN
hgv,6796,4.938661,93577345
hgv,6796,2.737262,12083219
hgv,6796,4.908188,23968365
hgv,6796,6.179675,99007100
hgv,6796,1.500511,NaN
hgv,6796,5.082451,153163524
hgv,6796,28.363400000000002,NaN
hgv,6796,10.016105000000001,88987061
hgv,6796,6.3071459999999995,76387314
hgv,6796,38.063434,NaN
hgv,6796,2.156542,27508460
hgv,6796,3.149054,12726676
hgv,6796,3.112723,31515356
hgv,6796,7.662699,102359480
hgv,6796,21.428257,NaN
hgv,6796,2.542847,15397893
hgv,6796,3.078567,79051316
hgv,6796,4.82989,168467131
hgv,6796,26.959646,NaN
hgv,6796,30.011584,NaN
hgv,6796,14.231644,147013763
hgv,6796,8.371647,84247677
hgv,6796,5.331802,79324558
hgv,6796,3.267333,21025494
hgv,6796,31.705425,NaN
hgv,6796,9.684042999999999,91791569
hgv,6796,4.861141,21496263
hgv,6796,35.6717,NaN
hgv,6796,1.7412459999999998,NaN
hgv,6796,11.92114,378151273
hgv,6796,15.029525,89589519
hgv,6796,10.014563,93461125
hgv,6796,20.884376,225576762
hgv,6796,1.8487930000000001,NaN
hgv,6796,7.2050220000000005,100104916
hgv,6796,34.779379999999996,NaN
hgv,6796,5.173647,93005906
hgv,6796,17.116554999999998,108077150
hgv,6796,2.605636,31324186
hgv,6796,12.754926999999999,361680274
hgv,6796,34.826119000000006,NaN
hgv,6796,22.308108,232685432
hgv,6796,5.064659,NaN
hgv,6796,11.133471,NaN
hgv,6796,1.713913,NaN
hgv,6796,10.285314,168834344
hgv,6796,8.141169,100112285
hgv,6796,31.611439999999998,NaN
hgv,6796,24.820169,319136520
hgv,6796,4.419905,148853743
hgv,6796,25.101094,NaN
hgv,6796,1.5108949999999999,NaN
hgv,6796,13.493307,110031675
hgv,6796,9.693261,97125848
hgv,6796,34.949461,NaN
hgv,6796,4.230341,30264872
hgv,6796,3.003266,12371437
hgv,6796,9.772101,161420357
hgv,6796,6.55099,245868781
hgv,6796,14.137754000000001,111185119
hgv,6796,35.775855,NaN
hgv,6796,31.497897,NaN
hgv,6796,1.9507560000000002,16079479
hgv,6796,7.428191,18995620
hgv,6796,9.444271,157992369
hgv,6796,5.27981,77977208
hgv,6796,4.520801,24145396
hgv,6796,26.826644,NaN
hgv,6796,29.125489,NaN
hgv,6796,2.642439,75230604
hgv,6796,3.6733,172604089
hgv,6796,14.544446,157178140
