speed_cap_kmh,time_ms
15,18.656605
15,17.416185000000002
15,14.220323
15,45.20527
15,56.853076
15,14.182431000000001
15,12.111907
15,17.133176
15,28.552678
15,5.490338
15,7.7085870000000005
15,9.755192
15,8.656067
15,9.002454
15,13.913994
15,12.954721000000001
15,25.659848
15,11.587302000000001
15,12.280404
15,11.837007
15,8.950923
15,23.504911
15,9.414706
15,31.116271
15,8.588531
15,13.845969
15,11.464974
15,13.836895
15,11.517502
15,5.225555
15,16.452939999999998
15,17.910958
15,13.449340000000001
15,18.161828
15,15.028948
15,6.6474020000000005
15,11.715724
15,8.405021
15,8.284032
15,26.655565
15,19.471120000000003
15,6.269823
15,17.096698
15,17.944036
15,8.986721
15,8.866945
15,7.416274
15,12.309327999999999
15,17.933806999999998
15,13.675478
15,13.165277
15,9.85622
15,10.23223
15,6.61779
15,5.354317
15,10.106653
15,19.014013
15,6.981144
15,7.6854260000000005
15,6.1634519999999995
15,7.436552
15,13.54665
15,8.196722999999999
15,25.424362
15,24.901215
15,14.205768
15,10.248517
15,9.225899
15,5.867226
15,26.290020000000002
15,9.633415
15,6.886722
15,7.093505
15,6.590635
15,17.440593
15,6.245563
15,8.022777
15,11.882548
15,7.783089
15,14.267494000000001
15,5.1317450000000004
15,4.681506000000001
15,13.471183
15,12.115508
15,12.335748
15,14.62178
15,19.458276
15,11.277316
15,16.575488
15,17.389459
15,20.848587
15,6.798287
15,27.129158
15,16.391389
15,10.147573
15,7.670706
15,25.477556
15,29.200645
15,5.8582149999999995
15,6.036569
15,6.762359
15,7.992427
15,6.723497
15,9.642126000000001
15,25.693302000000003
15,8.51082
15,13.459241
15,6.893881
15,24.02769
15,6.386197
15,8.734141000000001
15,16.397931
15,8.988434
15,20.796968999999997
15,3.5921260000000004
15,12.665902999999998
15,18.970572
15,7.037701
15,23.122915000000003
15,17.928324
15,11.115094000000001
15,7.0978769999999995
15,5.847367
15,6.741667
15,8.177014999999999
15,18.728376
15,7.3705050000000005
15,17.422111
15,3.08594
15,15.461023
15,8.947878
15,8.360365999999999
15,13.227375
15,8.222786
15,9.62207
15,8.922346
15,23.170550000000002
15,24.055435
15,8.499069
15,7.2345630000000005
15,26.232308
15,27.194573
15,12.740893
15,24.083908
15,6.240712
15,25.242952
15,20.874668999999997
15,24.086175
15,7.356762
15,8.989445
15,7.340933
15,8.923972000000001
15,4.339754
15,6.5793040000000005
15,6.3867780000000005
15,12.040042000000001
15,7.5574259999999995
15,24.542433
15,10.649956
15,15.702191000000001
15,11.793023999999999
15,11.846677
15,4.470916
15,8.696845
15,4.9190309999999995
15,7.191638
15,10.7559
15,7.874634
15,8.077869
15,6.715209
15,10.333986999999999
15,8.302217
15,2.697647
15,23.145796
15,25.657574999999998
15,3.456137
15,5.9737729999999996
15,5.1342289999999995
15,11.540491
15,6.385037
15,11.613676
15,6.813484
15,6.036538
15,11.270044
15,5.473845
15,19.157559000000003
15,9.423901
15,15.298987
15,9.076431
15,9.076797
15,15.699111000000002
15,7.430316
15,4.199916
15,10.798278999999999
15,6.675629
15,6.430832
15,23.264739
15,20.566996
15,11.569635
15,11.983156
15,5.427747999999999
15,8.22392
15,12.896877
15,22.421674
15,3.819767
15,8.036992999999999
15,6.646385
15,8.504826999999999
15,9.36523
15,12.855231
15,5.6898979999999995
15,14.314318
15,17.719527
15,7.813832
15,9.943836
15,8.308216999999999
15,14.277633
15,9.86217
15,5.540553
15,8.536868
15,3.140101
15,11.562259000000001
15,16.568175
15,21.321295
15,6.713184
15,20.933061
15,18.898526
15,8.242519
15,9.871134
15,11.858761000000001
15,9.880230000000001
15,7.267927
15,4.386526
15,9.753874
15,6.172158
15,8.779761
15,22.592427
15,7.229137
15,10.411800000000001
15,5.228178
15,5.2561789999999995
15,11.252422999999999
15,18.734141
15,21.303115000000002
15,7.511534
15,4.257498
15,7.396882
15,23.109462
15,7.000908
15,7.097764000000001
15,6.584166
15,21.342696
15,9.742063
15,21.892055
15,22.190527000000003
15,10.623953
15,6.423655
15,16.598687
15,15.712836000000001
15,6.037561999999999
15,6.125363
15,23.560131000000002
15,23.199606000000003
15,22.191141000000002
15,7.129977
15,9.227779
15,11.402581999999999
15,5.399392000000001
15,11.867607000000001
15,6.574654
15,6.239369
15,13.890931
15,11.301857
15,12.115019
15,9.962221
15,11.107944999999999
15,8.413668
15,5.393878
15,12.645866999999999
15,27.009087
15,10.569177000000002
15,5.7867370000000005
15,24.682790999999998
15,3.903203
15,3.487528
15,8.177929
15,13.962995000000001
15,11.822944999999999
15,6.148428
15,7.682383
15,3.592997
15,17.685678
15,25.703532000000003
15,18.828263
15,9.146441999999999
15,14.933610999999999
15,23.041224999999997
15,17.654853000000003
15,4.157337
15,15.873476
15,6.2430769999999995
15,9.620432
15,3.0137490000000002
15,12.990352
15,21.118993999999997
15,9.324614
15,8.146784
15,17.360523
15,10.724895
15,8.729923000000001
15,14.322071000000001
15,7.954625
15,6.895376
15,12.294994
15,4.731388000000001
15,17.715567
15,13.328854
15,7.769667
15,6.98221
15,9.174571
15,13.792307000000001
15,11.587475999999999
15,4.733828
15,8.190685
15,6.185131
15,11.763354999999999
15,8.160473999999999
15,18.167919
15,5.546437
15,19.161025000000002
15,9.483685000000001
15,7.841044999999999
15,23.000830999999998
15,11.722152
15,23.517964999999997
15,25.238776
15,6.986831
15,19.729816
15,25.680514000000002
15,5.893053
15,6.428123
15,8.791106
15,11.48078
15,21.935269
15,19.727206
15,9.617772
15,8.857043
15,11.571531
15,8.892501000000001
15,24.706168
15,21.518389
15,6.385184000000001
15,5.062457
15,7.606623
15,25.128371
15,4.6809970000000005
15,14.834703
15,12.970123000000001
15,5.391787
15,9.693412
15,8.794895
15,11.844985000000001
15,10.510328
15,8.001441999999999
15,6.4779979999999995
15,6.009761
15,6.580386
15,5.879249
15,6.080043
15,25.523072
15,4.7957399999999994
15,23.419815
15,5.658491
15,28.713175
15,16.800922999999997
15,5.279032
15,5.183542
15,8.801957
15,6.825336
15,15.703882999999998
15,7.200854
15,4.502675
15,6.014889
15,8.826646
15,6.585014999999999
15,23.403779999999998
15,4.46063
15,25.797255
15,6.354276
15,5.8869880000000006
15,15.690279000000002
15,6.16917
15,7.1528670000000005
15,9.608597999999999
15,11.184842
15,6.393633
15,14.910238
15,8.287823999999999
15,6.6912910000000005
15,6.710578
15,7.206779
15,6.188303
15,5.72636
15,6.42791
15,6.775195
15,6.295203
15,16.051249
15,5.100536999999999
15,9.214646
15,8.746668000000001
15,8.104555
15,6.9854970000000005
15,16.611997
15,17.979005
15,13.341231
15,6.381579
15,5.673853
15,8.891138
15,8.17924
15,25.776981
15,10.669019
15,16.985943
15,17.648464999999998
15,5.824552000000001
15,5.664136999999999
15,25.002831999999998
15,9.758142
15,7.536906
15,4.501262
15,10.592198
15,6.867021
15,3.9623870000000005
15,8.811365
15,4.313759
15,7.64719
15,7.1122119999999995
15,6.0851500000000005
15,6.853725
15,5.633348
15,11.135953
15,7.469380999999999
15,11.136035000000001
15,22.351463
15,12.427667999999999
15,7.5316860000000005
15,12.713385
15,5.182891000000001
15,6.086597
15,27.730040000000002
15,8.506817999999999
15,25.805551
15,6.997151
15,18.598118
15,7.1782520000000005
15,3.783654
15,7.144404
15,8.99874
15,5.345034999999999
15,6.739575
15,4.747611
15,10.666825
15,23.163815
15,8.116928000000001
15,3.2187959999999998
15,8.155393
15,19.399396
15,7.398634
15,15.645986
15,6.68549
15,7.734375
15,11.653154
15,16.314993
15,22.801305
15,17.310268
15,5.614509
15,5.4709270000000005
15,23.243078
15,7.488963
15,4.437523
15,10.260483
15,16.270553
15,21.416518999999997
15,9.677701
15,6.8486340000000006
15,14.582339
15,9.42135
15,7.044816
15,18.907132
15,4.251283
15,7.861389
15,11.639194
15,8.235346
15,19.827299
15,4.767251
15,22.743227
15,10.345435
15,9.263339
15,11.520605999999999
15,7.099773
15,8.689433
15,27.326825999999997
15,7.419926
15,9.594992
15,7.3040020000000005
15,6.920372
15,7.510615
15,4.533316
15,8.742882999999999
15,28.132546
15,14.642853
15,9.519297
15,18.419343
15,26.017459
15,14.613433
15,9.417456
15,4.918214
15,3.942936
15,5.09633
15,6.501899
15,5.806944
15,5.7157800000000005
15,15.036092
15,20.130357
15,4.181237
15,12.826030000000001
15,4.993005
15,8.955105999999999
15,7.387256
15,7.139564999999999
15,10.079934
15,19.22562
15,4.774058
15,9.469659
15,8.680314999999998
15,9.838007
15,6.855896
15,10.800695000000001
15,7.644671
15,11.672162
15,4.549219
15,4.781593
15,7.2405919999999995
15,22.775806
15,15.477787
15,12.577432
15,5.928958
15,17.085449
15,7.327658
15,7.4174
15,20.519043
15,19.234046000000003
15,11.837238
15,19.543903
15,6.873679
15,23.653088
15,15.753756000000001
15,18.716861
15,4.928215
15,5.091139
15,5.707307
15,3.8387759999999997
15,26.650729000000002
15,6.615772
15,6.392250000000001
15,8.139683999999999
15,16.757202999999997
15,25.696785
15,7.551006
15,6.229849
15,25.745838
15,26.683745
15,7.05712
15,7.6915949999999995
15,20.259011
15,6.073307
15,11.57452
15,14.480383
15,6.977046
15,28.472915
15,7.584516000000001
15,17.832064000000003
15,9.955915
15,9.468496
15,29.857992
15,22.660873000000002
15,2.824891
15,7.661353
15,11.818125
15,11.859903
15,9.966038
15,10.964863
15,5.036943
15,6.673502
15,11.536974
15,22.902686
15,22.048937000000002
15,11.017142
15,7.298412
15,4.583787
15,6.135967
15,9.262273
15,5.075652
15,17.37068
15,19.332904000000003
15,4.210344
15,15.594734
15,24.612041
15,17.183713
15,14.797096
15,6.584097
15,6.575298999999999
15,14.990279000000001
15,9.405119
15,14.004934
15,22.125934
15,10.643438999999999
15,11.627708
15,13.165296999999999
15,16.851802
15,3.2590850000000002
15,4.915242
15,6.6843639999999995
15,11.04046
15,14.858583
15,5.489445
15,3.774806
15,7.145076
15,15.264286
15,10.489272
15,6.126552
15,5.6149759999999995
15,9.01819
15,10.373511
15,4.109820999999999
15,25.869325
15,8.140255000000002
15,11.942558
15,5.592804
15,7.5067889999999995
15,12.317751999999999
15,10.851187
15,10.344614
15,6.1467600000000004
15,10.552757
15,10.165664
15,11.687625
15,13.325652999999999
15,4.833979
15,5.113348
15,7.311752
15,11.239927999999999
15,9.374654
15,23.342379
15,6.785398
15,21.669107999999998
15,20.641974
15,9.302261
15,4.886444999999999
15,6.193886
15,11.477903
15,6.342413
15,8.35604
15,12.065660000000001
15,20.475186
15,19.590484
15,3.894066
15,9.979926
15,25.163069
15,6.631428
15,10.123901
15,6.002833
15,6.371616
15,4.700054000000001
15,7.300814
15,9.798401
15,12.740699
15,8.423233
15,9.488792
15,4.799892
15,18.405422
15,13.562954
15,16.425636
15,8.119901
15,6.935721
15,18.743295
15,6.015088
15,8.631089
15,5.51971
15,15.368441
15,7.532229
15,22.135059
15,3.763477
15,4.52346
15,7.029584
15,25.913695
15,4.111943
15,9.896336999999999
15,5.187517
15,5.728027
15,4.876487
15,25.172287
15,7.389994000000001
15,8.658847000000002
15,5.554305
15,8.323374999999999
15,11.713295
15,5.114984000000001
15,4.548680999999999
15,10.785516
15,9.986877
15,10.679967
15,6.523847999999999
15,19.847436
15,11.022412000000001
15,7.774859
15,9.319681999999998
15,5.71179
15,13.742104999999999
15,20.416551000000002
15,8.951074
15,27.304048
15,8.047442
15,6.268621
15,7.3780030000000005
15,8.044677
15,6.733977
15,3.6852489999999998
15,9.516149
15,7.842662000000001
15,11.096606
15,6.594594
15,6.454359
15,5.4160900000000005
15,9.279077000000001
15,5.054388
15,18.29539
15,6.1806339999999995
15,8.039477999999999
15,20.511991000000002
15,11.367147
15,4.034827
15,6.0315780000000006
15,8.331745999999999
15,6.501116000000001
15,5.950627
15,5.399345
15,9.884067
15,5.345092
15,7.045199
15,9.962803
15,8.242362
15,17.923733000000002
15,13.701549
15,10.366570000000001
15,13.822443
15,7.834674
15,5.560791
15,2.585829
15,9.917776
15,6.1067659999999995
15,5.131165
15,6.5143450000000005
15,4.698748
15,4.82134
15,15.875266
15,20.034027
15,25.752181999999998
15,25.019267000000003
15,9.459245999999998
15,10.216022
15,5.654095
15,16.633993
15,12.718889
15,2.527046
15,4.960394
15,6.768254
15,22.782243
15,11.836583
15,8.029373
15,23.071891
15,10.4259
15,8.99313
15,7.685254
15,3.784743
15,7.179312
15,7.27473
15,13.109729
15,14.055893
15,9.154902
15,3.920781
15,5.449913
15,4.88047
15,6.372161
15,24.893285000000002
15,8.996308999999998
15,6.332488
15,7.995805999999999
15,11.101491
15,6.304480000000001
15,9.388877
15,19.728836
15,4.971044
15,5.13003
15,10.102879
15,7.217489
15,5.444462
15,6.602506
15,8.475026
15,6.829947000000001
15,20.379372999999998
15,6.473886
15,21.223606999999998
15,5.1836199999999995
15,7.123988000000001
15,15.728942
15,10.768417000000001
15,10.595426
15,6.845381000000001
15,5.422797
15,5.973831
15,5.001784
15,7.041796000000001
15,4.678143
15,15.948706999999999
15,7.0212390000000005
15,4.304631
15,22.670627
15,17.276964
15,5.613385999999999
15,20.761565
15,19.952484
15,6.625505
15,8.375508
15,10.46025
15,6.6597349999999995
15,21.425148
15,9.181102
15,9.966673
15,4.022048
15,14.705809
15,6.13188
15,22.730719999999998
15,19.697382
15,9.10613
15,5.465382
15,22.397305
15,23.543404
15,11.265562999999998
15,7.106605999999999
15,7.832722
15,8.411696
15,9.796587
15,4.21155
15,11.890123
15,10.202145
15,7.820282
15,13.794564000000001
15,7.678322
15,4.553078999999999
15,16.769916
15,5.379832
15,9.798991
15,25.384024
15,8.231349
15,6.319837
15,18.978331
15,24.707254000000002
15,6.674039
15,14.759792000000001
15,19.431968
15,5.88544
15,3.414621
15,9.172212
15,10.093221
15,22.542783
15,7.9364859999999995
15,22.057627999999998
15,11.545901
15,13.002343
15,19.752315
15,6.6433029999999995
15,18.809714000000003
15,13.037494
15,12.269488
15,16.761401
15,16.512976
15,25.499365
15,7.266679
15,19.471270999999998
15,6.667998
15,4.587725
15,6.938206
15,17.88194
15,7.637009
15,11.935398999999999
15,4.854248
15,11.253446
15,12.681725
15,3.489785
15,8.276834000000001
15,8.117215
15,14.028596
15,9.087635
15,5.819205
15,21.589575
15,10.699314999999999
15,22.815695
15,4.055071000000001
15,8.326502
15,8.644264
15,5.059130000000001
15,11.601986
15,20.026888
15,5.324287
15,16.262557
15,4.264528
15,20.098073
15,5.762793
15,6.068854
15,22.726429
15,10.548301
15,20.008291
15,8.411834
15,13.713368000000001
15,10.359506
15,2.94547
15,13.954837
15,14.872358
15,9.028452
15,9.13518
15,5.2956829999999995
15,5.802171
15,8.498679000000001
15,8.412152
15,9.02361
15,5.39032
15,13.461421
15,7.7804210000000005
15,15.998650999999999
15,6.912319999999999
15,5.160951000000001
15,20.923413
15,7.242488
15,12.52694
15,11.777417
15,24.581155
15,14.551587
15,8.25296
15,21.568925999999998
15,12.801357
15,14.591414
15,23.716798
15,7.333207
15,10.011012
15,5.589152
15,4.2195
15,12.994546
15,10.747594
15,7.465391
15,9.188356
15,5.354298
15,5.902326
15,15.389616
15,2.996938
15,14.046721999999999
15,5.203799
15,11.478783
15,15.866658
15,8.901278
15,9.569736
15,18.109078
15,7.335348000000001
15,6.633992
15,9.099012
15,16.444580000000002
15,22.471596
15,11.156025
15,5.949574
15,4.5544720000000005
15,5.896224999999999
15,22.656327
15,11.329563
15,12.270594
15,16.452935
15,16.189342
15,6.577317
15,7.596464
15,5.601064999999999
15,7.289969999999999
15,14.567474
15,5.775082
15,24.870004
15,21.150168999999998
15,9.660635000000001
15,4.440396
15,5.463753
15,13.324516999999998
15,7.7626409999999995
15,2.921055
15,7.044527
50,107.309528
50,53.074768
50,7.999196
50,2.3679970000000004
50,27.698068
50,46.64341
50,11.493362
50,2.680576
50,7.770163
50,54.585443
50,55.786399
50,14.856077
50,7.205293
50,63.401679
50,15.880646000000002
50,36.805136000000005
50,9.114578
50,29.812656
50,10.639452
50,56.787885
50,17.526284
50,56.166520999999996
50,26.405177
50,12.7956
50,11.786697
50,37.67765
50,11.211718000000001
50,4.9387609999999995
50,8.679734
50,50.891962
50,24.978632
50,5.285181
50,52.12892
50,37.008049
50,58.329762
50,13.270033
50,10.749943
50,10.445859
50,60.937446
50,52.027922999999994
50,42.905048
50,12.350781999999999
50,6.1730789999999995
50,4.867543
50,5.758071
50,61.742651
50,8.137063
50,55.159333999999994
50,12.338175999999999
50,34.072245
50,59.349606
50,14.275328
50,3.960521
50,10.133398
50,4.08932
50,8.408611
50,7.648325
50,6.2160590000000004
50,3.130726
50,8.371908000000001
50,35.947895
50,31.710456999999998
50,43.127509
50,6.334462
50,9.359490999999998
50,25.607267999999998
50,8.069507
50,7.184439
50,57.270198
50,21.668706999999998
50,55.47211
50,4.149975
50,8.026244
50,31.912774999999996
50,2.2742869999999997
50,9.115369
50,42.508390999999996
50,4.458456
50,16.204711
50,7.6684589999999995
50,6.866037
50,6.926917
50,7.173365
50,7.457362000000001
50,59.798672999999994
50,9.534407
50,5.814014
50,63.267114
50,25.476991
50,4.983244
50,28.956896
50,39.457207000000004
50,8.622266
50,7.607596
50,4.417546
50,14.234184
50,31.834527
50,16.843272
50,24.955826000000002
50,42.427562
50,21.188969
50,6.8937360000000005
50,11.846504000000001
50,18.874304000000002
50,40.708069
50,28.443301
50,56.159965
50,41.150827
50,1.6570639999999999
50,58.281893000000004
50,9.561246
50,39.347255999999994
50,2.181101
50,7.323821000000001
50,25.532464
50,2.5200050000000003
50,19.212208
50,6.582315
50,22.003187
50,22.054154
50,9.619539999999999
50,5.160217
50,23.580108999999997
50,20.071718999999998
50,20.994366
50,4.680813
50,1.339476
50,46.70195
50,11.30626
50,46.919714
50,41.397513
50,41.747607
50,4.184224
50,11.20594
50,28.985883
50,4.807404
50,31.571553
50,4.206314
50,18.700077999999998
50,62.909385
50,53.052345
50,3.5618659999999998
50,31.719811
50,3.381114
50,19.175010999999998
50,5.200737
50,57.834808
50,57.530238
50,7.686397
50,52.659675
50,31.414508
50,36.332638
50,4.76005
50,42.932621999999995
50,4.453365
50,12.162708
50,60.671219
50,21.406909
50,7.4562919999999995
50,4.7054100000000005
50,61.389485
50,45.095417999999995
50,57.737117999999995
50,22.468783
50,17.651101
50,6.26884
50,3.912105
50,55.028654
50,20.84619
50,16.523383
50,8.741217
50,3.244734
50,50.392738
50,5.205004
50,30.374199
50,59.089639
50,5.374268
50,22.163531
50,21.783317999999998
50,22.450325
50,11.504344999999999
50,53.149505
50,54.329324
50,25.792912
50,3.892658
50,2.858372
50,4.378836
50,6.431039999999999
50,9.379261999999999
50,3.3992459999999998
50,13.095689
50,5.3701360000000005
50,40.254920999999996
50,14.339286999999999
50,37.258213999999995
50,23.674636999999997
50,54.073557
50,0.075499
50,60.545095
50,12.453323000000001
50,4.538032
50,12.49882
50,60.131232
50,14.804758
50,7.293385000000001
50,33.631912
50,28.158236
50,26.29415
50,54.906195
50,7.717301
50,4.97502
50,9.574186000000001
50,7.441645
50,24.646848
50,33.22024
50,34.149715
50,6.865347
50,12.293436
50,45.254547
50,7.996484
50,16.101823
50,17.678992
50,24.094249
50,51.21506
50,28.148089000000002
50,15.887885
50,19.077408000000002
50,3.0826450000000003
50,4.120356
50,5.076567
50,41.299273
50,4.47882
50,33.651002
50,4.451057
50,11.865166
50,37.108182000000006
50,33.214110999999995
50,45.806732000000004
50,10.166788
50,58.460325
50,4.5821380000000005
50,12.681803
50,23.484969000000003
50,2.8968629999999997
50,56.77593
50,56.708797999999994
50,24.538707
50,22.799416
50,6.817889
50,4.904093
50,44.187604
50,7.464442
50,4.588669
50,55.13159
50,9.926744
50,22.48014
50,18.857384
50,5.7758519999999995
50,16.801503999999998
50,9.269343
50,11.3355
50,5.541672
50,10.359083
50,19.271150000000002
50,48.831289
50,42.110330000000005
50,4.982515
50,17.058305999999998
50,2.460879
50,56.427574
50,8.272030999999998
50,50.410396000000006
50,6.577302
50,42.517714
50,5.35572
50,43.129929999999995
50,5.157927
50,2.752579
50,31.500328
50,2.387899
50,46.807697000000005
50,7.174071
50,5.607887
50,3.1906790000000003
50,19.088675
50,24.759281
50,3.6295450000000002
50,13.46614
50,31.064362000000003
50,12.322432
50,50.732657
50,28.483825
50,57.062122
50,18.132253000000002
50,29.311638000000002
50,22.863211
50,42.237033
50,14.298124000000001
50,6.45931
50,2.4365889999999997
50,5.627222000000001
50,40.07537
50,3.20595
50,51.328844
50,11.433564
50,54.086559
50,22.92831
50,38.371381
50,4.679833
50,9.571029
50,5.968865999999999
50,2.722835
50,3.820763
50,44.580147000000004
50,56.568653000000005
50,9.954854000000001
50,7.858588999999999
50,24.548582
50,15.543564
50,58.466346
50,31.335653999999998
50,6.083488
50,49.445416
50,35.073676
50,18.81938
50,55.62446
50,14.547690000000001
50,6.444992
50,38.425569
50,59.580075
50,53.885731
50,52.999281
50,40.704803
50,28.498745
50,50.442071999999996
50,3.961305
50,4.486479
50,4.505225
50,46.352584
50,51.716258
50,19.241756
50,46.738259
50,7.495377
50,8.625888
50,20.296920999999998
50,5.645015
50,42.120454
50,13.102737
50,13.656448
50,8.92873
50,8.429716
50,58.699158000000004
50,3.1548190000000003
50,56.845555
50,5.321952
50,53.104486
50,53.934212
50,20.160833
50,52.126923999999995
50,25.981924
50,34.771931
50,3.6777189999999997
50,10.015968
50,3.710077
50,13.148471
50,2.256755
50,3.106279
50,39.128408
50,2.9902
50,42.654092
50,42.626205999999996
50,8.580155000000001
50,29.448262
50,4.913057
50,3.629937
50,8.008964
50,1.345396
50,9.007882
50,28.070856000000003
50,28.058778
50,53.752137
50,43.525928
50,6.238307
50,49.60597
50,48.702807
50,30.250193000000003
50,16.975639
50,11.54092
50,3.409819
50,39.286828
50,7.791264
50,40.417006
50,45.551683000000004
50,4.0697779999999995
50,53.080081
50,24.742485000000002
50,54.182291
50,37.378375999999996
50,40.316922999999996
50,2.9830870000000003
50,11.452664
50,2.309727
50,11.807573999999999
50,11.039788
50,10.296785
50,12.003673
50,11.632099
50,45.148829
50,7.319560999999999
50,8.723447
50,6.928359
50,4.587151
50,3.8124320000000003
50,53.925138
50,6.566319999999999
50,58.129411
50,12.223111999999999
50,4.175365
50,57.557545000000005
50,2.696853
50,6.241815000000001
50,33.586401
50,42.183291
50,7.312262
50,2.897155
50,6.1997160000000004
50,45.723934
50,44.13645
50,20.897416
50,8.865649
50,49.885777
50,29.011829
50,55.182541
50,16.040316999999998
50,11.214481
50,7.050636
50,56.127932
50,4.8230319999999995
50,8.039190999999999
50,36.040652
50,58.036032
50,6.854388
50,7.266328
50,31.356139
50,21.397576
50,31.479779999999998
50,18.75263
50,6.285651
50,3.339651
50,41.340101999999995
50,16.380626999999997
50,4.817903
50,60.008210999999996
50,15.414482
50,15.806384
50,3.888047
50,7.152963
50,38.840631
50,4.171687
50,20.059272999999997
50,49.178542
50,31.9068
50,28.674377
50,6.708717
50,4.715777
50,6.538958
50,6.963676
50,12.104833000000001
50,11.653277
50,26.864556
50,23.368706
50,6.739662
50,22.592495
50,27.176302
50,37.988827
50,54.748151
50,2.9174510000000002
50,6.182663
50,10.158824000000001
50,36.485173
50,27.996103
50,5.506317999999999
50,3.580223
50,6.303846999999999
50,12.526725
50,55.342989
50,4.552237
50,14.31166
50,11.255711
50,6.919899
50,5.81979
50,1.420274
50,18.27633
50,4.9511210000000005
50,3.832023
50,46.227089
50,45.976832
50,18.743433
50,49.986017000000004
50,33.811259
50,30.459479
50,14.15422
50,8.420314999999999
50,9.508498000000001
50,2.305526
50,36.385759
50,54.422393
50,12.851059999999999
50,8.88836
50,5.742606
50,37.062944
50,1.6546939999999999
50,6.3099
50,3.990283
50,55.010187
50,42.766719
50,3.3033759999999996
50,6.486789
50,3.108339
50,24.367765
50,6.811121
50,25.806483
50,34.597524
50,3.331554
50,7.670136
50,21.690882000000002
50,6.165434
50,9.210776000000001
50,8.788847
50,59.852441
50,20.56713
50,47.377855000000004
50,5.769369
50,37.181411
50,3.073086
50,7.475103000000001
50,18.512635
50,19.195272
50,1.82128
50,4.076504
50,36.918426999999994
50,40.962494
50,6.17923
50,55.208109
50,42.684521000000004
50,7.338816
50,3.463393
50,53.129115999999996
50,11.573847
50,14.141953
50,59.358767
50,28.611685
50,47.101939
50,7.622399000000001
50,36.996655000000004
50,65.792764
50,10.73613
50,53.388572
50,28.521721
50,50.35415
50,9.674016
50,24.429654
50,12.870922
50,36.007974999999995
50,20.76342
50,57.653774
50,56.054932
50,3.8316130000000004
50,55.570710000000005
50,30.311576
50,43.214753
50,5.407818
50,17.037402
50,56.191653
50,38.748075
50,55.232290000000006
50,4.003311
50,5.427768
50,11.928282
50,5.712801
50,3.31355
50,55.32919699999999
50,10.777077
50,50.449475
50,30.348121
50,49.120568000000006
50,6.882528
50,3.31977
50,6.973700999999999
50,16.738174
50,41.278234
50,7.369467
50,4.648486999999999
50,19.058693
50,44.116681
50,57.249051
50,8.455658
50,16.140676
50,9.432442
50,12.025597000000001
50,55.952914
50,6.805179
50,32.662283
50,5.382578
50,0.828309
50,5.316814
50,5.6824129999999995
50,4.269406
50,8.469851
50,4.429927
50,2.519248
50,13.501232
50,55.86911
50,7.155795
50,17.45775
50,43.439493000000006
50,53.328058999999996
50,7.726901000000001
50,19.117188
50,44.752950999999996
50,51.477469
50,9.557027
50,47.086982
50,7.726383
50,13.098165999999999
50,5.696115
50,3.295428
50,42.225939999999994
50,41.310062
50,13.691164
50,17.727424
50,8.231314
50,25.696147
50,17.560976999999998
50,5.161519
50,41.432589
50,6.6569139999999996
50,25.866929
50,6.670959
50,8.152865
50,9.059454
50,10.844875
50,21.465073
50,54.464494
50,16.731164
50,50.876669
50,8.617447
50,52.381083000000004
50,38.891771
50,49.866461
50,4.708938
50,32.300591
50,1.9981539999999998
50,3.984469
50,4.006924000000001
50,27.794933
50,4.015586
50,5.53561
50,7.69364
50,50.227211000000004
50,54.508433000000004
50,3.8144210000000003
50,3.24155
50,49.238044
50,4.818887
50,46.663132000000004
50,18.500429
50,17.484076
50,60.629054000000004
50,24.089408
50,12.069793
50,51.089226000000004
50,21.109223
50,6.493951
50,10.660472
50,48.460831000000006
50,2.9685509999999997
50,42.676426000000006
50,33.025116
50,3.222989
50,19.249177
50,12.577108
50,6.385259
50,47.108824
50,7.630561
50,3.68875
50,10.171099
50,6.396402
50,23.986273
50,3.8281919999999996
50,3.673483
50,42.48462
50,9.448174999999999
50,7.078001
50,3.881691
50,5.520409000000001
50,1.9584910000000002
50,23.141048
50,10.363251
50,6.410464
50,3.6138350000000004
50,5.902651
50,3.734661
50,8.237616999999998
50,17.372607000000002
50,7.656413
50,8.048808
50,14.533797
50,41.506354
50,11.972231
50,51.416145
50,3.896056
50,5.825668
50,3.268866
50,23.211538
50,6.074899
50,44.420175
50,14.244079999999999
50,12.116013
50,58.956284
50,15.150792
50,9.348779
50,46.947883000000004
50,49.809866
50,12.876682
50,39.735564000000004
50,32.824307
50,8.782437
50,18.270488
50,6.524176
50,8.675101
50,29.525541999999998
50,3.580886
50,4.875745
50,61.99635
50,51.618124
50,43.045559
50,19.375411
50,1.266634
50,12.950651
50,51.646183
50,21.273375
50,22.2346
50,28.55932
50,43.398951
50,7.797509
50,52.373479
50,12.484568
50,9.115898000000001
50,54.45349
50,3.7618389999999997
50,17.613400000000002
50,2.552842
50,43.823844
50,8.251321
50,7.634724
50,6.484292
50,18.857775
50,7.414137
50,7.870017999999999
50,11.367751
50,42.455291
50,59.361542
50,3.59636
50,8.480492
50,44.413532
50,22.384074000000002
50,19.525272
50,42.166172
50,33.106905
50,52.802389999999995
50,6.846945
50,2.868054
50,5.886522
50,11.658826000000001
50,6.121989
50,37.191053000000004
50,22.119601
50,7.537982
50,3.847292
50,8.022649999999999
50,8.801146
50,13.336916
50,19.185665
50,6.75359
50,32.408906
50,4.343127
50,11.208366000000002
50,54.096512
50,33.624169
50,52.606053
50,7.2689010000000005
50,5.71567
50,6.119135
50,8.280699
50,22.315696
50,15.181448
50,29.927379000000002
50,3.105845
50,7.8484169999999995
50,40.503018000000004
50,4.8514930000000005
50,8.883067
50,21.095178999999998
50,21.167818
50,25.12657
50,7.601348
50,55.506159
50,38.931909
50,8.462245
50,13.737547
50,30.822531
50,31.976763
50,40.484627
50,3.384846
50,24.578973
50,9.700956999999999
50,59.766931
50,1.3078530000000002
50,7.531693
50,0.945084
50,56.149657999999995
50,32.096757
50,5.787708
50,12.393234
50,2.450454
50,3.816089
50,32.244396
50,58.414577
50,55.024542000000004
50,17.270597
50,49.357103
50,2.08773
50,51.299608
50,51.982115
50,7.228496
50,3.7738289999999997
50,6.1589089999999995
50,23.630531
50,6.587059
50,59.317978000000004
50,8.929005
50,16.778932
50,53.057293
50,55.996842
50,13.15356
50,56.126548
50,25.804941000000003
50,6.450239
50,23.124095
50,16.952002
50,11.302229
50,5.821542
50,48.163449
50,7.876394
50,6.951983
50,24.591003999999998
50,2.391382
50,27.816405999999997
50,5.473894
50,11.478199
50,3.1177610000000002
50,11.157264999999999
50,13.902664999999999
50,3.6319500000000002
50,10.910859
50,36.475579
50,7.259544
50,9.240605
50,18.663074
50,50.46963
50,12.058936
50,12.488446
50,3.2941730000000002
50,25.672283
50,11.5687
50,53.589636000000006
50,36.786398999999996
50,21.675489
50,17.412
50,27.574252
50,3.526162
50,56.493448
50,47.391814
50,14.956620000000001
50,27.478713
50,34.925497
50,28.570825000000003
50,1.931838
50,14.602052
50,7.560726
50,40.305375999999995
50,32.410526000000004
50,29.067254000000002
50,39.979898
50,19.472184
50,12.276969000000001
50,52.808282
50,27.073085
50,25.180571999999998
50,2.6064410000000002
50,57.312593
50,3.2394670000000003
50,27.553485
50,16.118589999999998
50,13.506001
50,12.863382
50,5.741513
50,44.731913999999996
50,5.454861
50,23.43123
50,0.493772
50,4.430916
50,7.030183
50,2.217587
50,3.247032
50,7.056661
50,35.26609
50,6.946487
50,20.477746
50,3.450583
50,6.059819
50,57.991914
50,35.514547
50,51.402729
50,5.365812
50,3.335528
50,36.479615
50,5.8740820000000005
50,56.593658999999995
50,57.576943
50,20.606836
50,60.621375
50,8.701967
50,34.359736000000005
50,1.3292270000000002
50,1.222212
50,22.683228
50,11.05261
50,60.34415
50,4.749237
50,50.214981
50,5.077044
50,9.947030000000002
50,15.401138999999999
50,53.206599
50,7.439117
50,17.844859
50,15.577793
50,17.011170999999997
50,46.008494
50,24.999105
50,25.133483000000002
50,9.599250999999999
50,2.7542370000000003
50,6.568132
50,50.246015
50,35.39516999999999
50,4.499224
50,42.029064
50,7.390026
50,43.060024000000006
50,7.025619000000001
50,47.964581
50,58.536782
50,20.210269999999998
50,43.471559
50,54.011176
50,5.408059
50,27.325924
50,11.398660999999999
50,23.756397
50,48.546948
50,28.307769
50,40.725635000000004
50,61.073303
50,10.933781
50,46.650196
50,9.551455
50,3.3137280000000002
50,10.720653
50,3.051097
50,15.300348
50,16.819913999999997
50,12.091887000000002
50,37.836822999999995
50,6.9949319999999995
50,25.520523
50,6.223842
50,20.769724999999998
50,52.056816
50,55.583959
50,4.463785
50,30.059076
50,9.409419
50,52.897225
50,39.957403
50,15.168852
50,3.363924
50,51.870529
30,116.25736500000001
30,94.149275
30,10.471471
30,28.803015000000002
30,42.467867
30,29.836555
30,48.439040000000006
30,11.051083
30,8.022084000000001
30,32.940786
30,53.398021
30,35.262939
30,5.006918
30,7.6088450000000005
30,10.543273000000001
30,32.574871
30,6.832343
30,12.90916
30,8.099966
30,23.390691
30,5.767429
30,42.865199
30,15.594547
30,11.027503
30,29.708708
30,6.395869
30,5.868284
30,48.912372000000005
30,28.742753
30,12.471395999999999
30,33.711756
30,32.697598
30,31.560754000000003
30,7.273483
30,4.947178
30,30.712825
30,3.428906
30,10.695853
30,11.793749
30,34.266034
30,40.185832
30,4.774447
30,33.149467
30,8.375043
30,6.577287999999999
30,6.078672
30,7.9679
30,31.697046999999998
30,14.568029999999998
30,29.462684
30,27.284268
30,3.3949789999999997
30,23.458946
30,32.412529
30,37.948069000000004
30,7.427435
30,19.474743999999998
30,23.803415
30,8.189344
30,50.900332
30,4.033182
30,17.074969
30,10.532378999999999
30,10.067712
30,22.823757
30,4.440851
30,30.559504
30,13.036486
30,35.170723
30,11.873477000000001
30,39.088409999999996
30,9.03207
30,7.847287
30,8.825505000000001
30,23.168781
30,7.030061
30,15.834732
30,4.300434
30,8.557343
30,47.090736
30,4.711739000000001
30,11.985074000000001
30,28.928158999999997
30,8.238385000000001
30,43.123427
30,40.058635
30,30.268164
30,6.422794
30,9.681175999999999
30,14.067434
30,31.980675
30,27.263461999999997
30,34.215068
30,18.774869
30,7.598342
30,34.447013999999996
30,9.991646
30,28.03482
30,4.816028
30,3.287918
30,4.327295
30,4.980298
30,3.598254
30,10.363265
30,5.488576
30,13.964001
30,7.409268
30,7.457585
30,7.2989049999999995
30,30.783761
30,27.185045000000002
30,4.270379
30,6.570321
30,9.573798
30,35.066101
30,5.32434
30,8.328552
30,7.685412
30,8.083224999999999
30,5.346507000000001
30,16.195774999999998
30,16.366698
30,8.016482
30,4.829613
30,19.031010000000002
30,22.90996
30,23.865029999999997
30,35.094860999999995
30,39.005956000000005
30,5.551284
30,7.681703
30,14.338042
30,8.055897
30,5.204943
30,14.252951
30,7.760329
30,3.420957
30,22.337062
30,5.330616
30,6.616657
30,43.397433
30,7.374137999999999
30,1.3271579999999998
30,20.30615
30,38.641372
30,44.313907
30,9.094678
30,20.524299
30,8.676594
30,39.904144
30,40.400279999999995
30,16.136534
30,46.344443
30,43.487212
30,26.466732
30,8.584569
30,7.926271000000001
30,5.887496
30,27.180551
30,38.852982000000004
30,16.813584
30,30.757675000000003
30,27.499775
30,9.556815
30,5.333896
30,11.26439
30,28.914064
30,3.351963
30,6.192216999999999
30,25.69973
30,6.493799
30,20.190657
30,7.3714
30,5.742986999999999
30,6.637858
30,47.516615
30,7.042173
30,43.239671
30,46.2593
30,3.489415
30,6.106132000000001
30,48.323562
30,27.355777
30,3.783912
30,47.646834
30,32.765949
30,12.467615
30,8.353274
30,6.549038
30,24.864065
30,23.844691
30,26.004271
30,6.998524
30,7.511734
30,5.623782
30,10.70173
30,6.526063000000001
30,4.272464
30,29.642462000000002
30,2.040959
30,43.517768
30,15.743931
30,43.258933999999996
30,14.664643
30,10.121753
30,2.693785
30,4.12913
30,11.540030999999999
30,10.212555
30,6.389889
30,6.942537000000001
30,11.938798
30,7.879727
30,4.053483
30,8.495981
30,6.380844
30,8.171971
30,7.589182
30,11.563298
30,4.490061
30,43.249812999999996
30,40.868122
30,8.359846000000001
30,7.445192
30,29.417772
30,3.8122160000000003
30,10.282995
30,9.816167
30,1.785808
30,33.05504
30,50.980076
30,4.711444999999999
30,9.538931999999999
30,6.144105000000001
30,8.961894
30,11.831082
30,4.835853999999999
30,5.446994
30,48.179173999999996
30,3.5134860000000003
30,26.755412
30,3.279575
30,2.3370100000000003
30,30.866854
30,41.310735
30,7.108074
30,4.221842
30,8.901681
30,3.750762
30,6.174716999999999
30,47.893484
30,38.383195
30,23.487696999999997
30,28.625046
30,5.178919
30,9.690776999999999
30,31.907692
30,5.180202
30,8.184181
30,3.833651
30,28.410225
30,3.5522829999999996
30,44.783307
30,8.752378
30,42.408179
30,6.440764
30,1.442533
30,41.259344000000006
30,3.629229
30,3.2959690000000004
30,49.530334
30,21.298582
30,6.888918
30,36.298064999999994
30,8.234447000000001
30,21.758679
30,26.619375
30,8.306225000000001
30,31.226602
30,25.276362
30,44.431956
30,46.250991
30,19.604976999999998
30,7.236985
30,45.325385000000004
30,12.85925
30,8.671413
30,4.742614
30,19.485046999999998
30,28.620153
30,43.877673
30,3.891105
30,9.154482
30,11.364084
30,4.921095
30,10.469736000000001
30,11.374606
30,37.185809
30,16.401957000000003
30,3.8458870000000003
30,7.550723
30,45.982153999999994
30,11.125217
30,8.518426000000002
30,17.985277
30,20.795081
30,49.140111
30,25.790329
30,20.034593
30,3.3049160000000004
30,39.066016000000005
30,26.41847
30,34.257021
30,24.112386
30,28.836333
30,4.770843
30,41.837626
30,43.189847
30,7.023106
30,5.047343000000001
30,41.120322
30,4.5244990000000005
30,23.391199
30,45.436622
30,41.056648
30,44.459911
30,7.062422
30,46.563819
30,39.45731
30,22.588144
30,6.971323
30,23.631764999999998
30,8.374974
30,12.008011000000002
30,32.951031
30,13.22492
30,34.622201
30,28.703578
30,7.6554839999999995
30,6.454629
30,31.77181
30,6.667338
30,23.516740000000002
30,8.448835
30,16.065294
30,26.11376
30,23.593854
30,46.088664
30,4.654907
30,9.326535
30,18.689591
30,33.245138
30,8.007337999999999
30,4.036391
30,4.068200999999999
30,10.749791
30,1.683861
30,30.721680000000003
30,30.558823999999998
30,42.5287
30,17.713146
30,7.529682
30,3.274594
30,24.887908
30,28.28453
30,40.071107000000005
30,9.924453999999999
30,18.581638
30,29.496906
30,18.35989
30,44.061703
30,16.64115
30,5.158603
30,45.992299
30,41.487441
30,6.87182
30,8.024553000000001
30,8.117146
30,19.214
30,15.791652
30,5.058860999999999
30,50.713532
30,31.181639
30,11.253785
30,3.4635439999999997
30,49.934132999999996
30,50.917214
30,4.8752889999999995
30,18.826072
30,7.276938
30,31.062198
30,3.579104
30,2.206392
30,40.733611
30,7.273092
30,1.9519380000000002
30,5.200106000000001
30,52.32784
30,18.46226
30,27.990549
30,30.665128
30,37.688739
30,6.805125
30,43.286471999999996
30,45.988052
30,21.103183
30,21.700769
30,6.544404
30,19.042188000000003
30,30.262939
30,20.314855
30,9.66653
30,12.770373
30,10.281766
30,49.59848
30,4.086565
30,6.721132
30,27.252458
30,42.985208
30,39.248496
30,1.39849
30,7.641756
30,11.625119
30,7.297148
30,43.345158000000005
30,6.866223000000001
30,8.338474999999999
30,40.367108
30,32.573158
30,3.027515
30,6.286964
30,49.058707
30,10.174648999999999
30,21.678487999999998
30,0.9340740000000001
30,5.100139
30,6.081435
30,10.960172
30,4.785358
30,30.149536
30,6.672164
30,21.591641000000003
30,3.1024979999999998
30,12.795951
30,46.131406999999996
30,9.275874
30,22.248052
30,2.831956
30,7.6955290000000005
30,4.080682
30,48.544822
30,37.253932
30,46.555157
30,38.75601
30,46.752789
30,8.786718
30,3.9938150000000006
30,26.020904
30,7.75054
30,49.680395000000004
30,8.61321
30,42.377853
30,3.757654
30,8.004218999999999
30,45.72941
30,3.132902
30,9.46903
30,44.693205
30,39.851424
30,3.713802
30,5.673656
30,7.328137
30,26.701776
30,7.553573
30,4.543424
30,8.595022
30,28.571104
30,47.174637
30,26.359456
30,28.642906999999997
30,14.797161
30,36.146061
30,4.923022
30,7.158314
30,45.559849
30,8.766124999999999
30,31.775593999999998
30,43.172156
30,37.6496
30,23.302704000000002
30,18.820267
30,48.700406
30,14.626916
30,41.113981
30,14.930215
30,48.180061
30,27.783748
30,45.400523
30,6.862615
30,4.599258
30,8.063310000000001
30,48.993733
30,39.027105999999996
30,6.993822000000001
30,19.370643
30,7.068065
30,2.871178
30,30.341188000000002
30,2.7857670000000003
30,42.445559
30,32.610845
30,5.334648
30,42.048466
30,31.136457999999998
30,2.4337809999999998
30,5.763542
30,14.047701
30,5.893047999999999
30,5.630661
30,27.146027
30,36.301427999999994
30,8.482597
30,3.897707
30,9.374197
30,47.358689000000005
30,44.197701
30,4.5645620000000005
30,33.746255000000005
30,45.080484
30,3.9427769999999995
30,3.626264
30,26.870319
30,20.840935
30,12.089538000000001
30,8.062213
30,41.888704
30,7.023604
30,1.961959
30,2.466893
30,40.572314999999996
30,44.471165
30,37.532704
30,42.363898999999996
30,13.664608
30,8.683489000000002
30,47.570505
30,16.122427000000002
30,21.702638
30,4.903003
30,41.448816
30,6.318725
30,26.690706000000002
30,29.587661
30,19.553497999999998
30,10.912099
30,34.583226
30,7.282304
30,3.2683299999999997
30,8.216841
30,23.14031
30,5.089195999999999
30,7.326138
30,5.702736
30,8.290970999999999
30,44.367321000000004
30,4.194293
30,6.896934000000001
30,45.81594
30,42.794848
30,7.174085
30,18.197212
30,37.614837
30,14.993953000000001
30,19.396048999999998
30,33.310046
30,10.419123
30,27.422991
30,44.729349
30,10.275556
30,6.772552999999999
30,3.669422
30,46.430784
30,9.441823
30,45.225441
30,43.293745
30,37.553277
30,19.578013
30,47.433643999999994
30,10.875806
30,43.396456
30,30.453736
30,9.555894
30,4.103314
30,40.37396699999999
30,1.417882
30,42.518983000000006
30,23.304494
30,35.619284
30,10.087706
30,40.631853
30,9.10584
30,3.810426
30,5.305434
30,30.179354
30,9.807784
30,3.640578
30,1.610836
30,23.493032
30,3.382517
30,8.439956
30,12.086237
30,5.093572999999999
30,7.460799
30,3.179992
30,18.908646
30,7.672496
30,4.367397
30,43.211367
30,45.186439
30,40.796215
30,41.400646
30,33.951660000000004
30,7.836576
30,31.354926999999996
30,47.265071999999996
30,41.461866
30,7.803627
30,9.966431
30,6.909365
30,5.773636000000001
30,22.999871000000002
30,5.467818
30,3.887652
30,32.461536
30,9.487169999999999
30,6.081963
30,10.509737
30,31.93353
30,6.685706
30,6.869262999999999
30,17.889302999999998
30,45.187088
30,36.597676
30,3.983004
30,3.86038
30,5.55828
30,22.833198999999997
30,6.044567
30,44.280820999999996
30,4.444092
30,42.685559
30,6.5382940000000005
30,39.273002
30,3.948516
30,48.4395
30,37.434342
30,20.194887
30,49.106986
30,15.587565
30,8.05373
30,9.232249
30,6.212777
30,44.198651
30,12.185212
30,14.157309
30,43.901545999999996
30,3.2638350000000003
30,9.671815
30,27.200466
30,22.182655999999998
30,1.8481649999999998
30,28.821445
30,8.270588
30,33.522079000000005
30,1.6643759999999999
30,36.391503
30,9.151969
30,3.4049229999999997
30,5.379923
30,40.260484999999996
30,31.474427
30,4.244356000000001
30,12.984393
30,24.039828999999997
30,29.14113
30,2.610026
30,10.885069000000001
30,10.127305
30,49.27539
30,29.984264
30,11.179202
30,3.374766
30,2.954938
30,12.369188
30,30.342571
30,29.562018
30,18.064355
30,6.601761000000001
30,51.937502
30,3.194125
30,33.763022
30,29.504257
30,4.494297
30,50.073974
30,7.739818
30,3.11613
30,9.065241
30,7.983761
30,48.864597
30,8.623978
30,8.106702
30,26.797555
30,46.807598999999996
30,40.147381
30,45.445527
30,42.023623
30,7.5442219999999995
30,2.161078
30,10.122331
30,3.569862
30,20.044993
30,28.096004
30,3.786136
30,45.173246
30,26.963911
30,15.013351
30,1.7317159999999998
30,9.756689000000001
30,7.957251
30,22.198494
30,3.976301
30,43.860688
30,24.111614
30,36.691754
30,45.590832
30,4.203336999999999
30,17.092915
30,27.268938
30,2.763354
30,21.886159
30,10.370942
30,6.935411
30,4.699039
30,42.085398000000005
30,7.322774
30,4.695231000000001
30,28.517899999999997
30,42.090759999999996
30,36.024888999999995
30,10.713104
30,7.121548
30,3.0603380000000002
30,3.026998
30,5.2130529999999995
30,34.386648
30,8.320792
30,9.336843
30,43.799575
30,5.928045
30,1.34486
30,5.740246
30,5.898576
30,4.766653
30,3.8832969999999998
30,3.623834
30,3.271232
30,6.977844
30,32.232914
30,35.141146
30,28.573224
30,9.405801
30,3.868935
30,2.713909
30,9.247079
30,38.55591
30,27.873332
30,3.722984
30,21.713459
30,48.643065
30,6.091624
30,21.762627
30,7.216903
30,36.904778
30,31.302284
30,10.485525
30,39.836359
30,9.006732999999999
30,46.589002
30,3.164211
30,32.939918999999996
30,13.769248
30,29.695155
30,28.994671999999998
30,30.691668
30,44.390688999999995
30,30.300567
30,32.158236
30,48.041013
30,5.29418
30,7.242712
30,3.498873
30,31.158805
30,8.604265
30,4.293446
30,2.2615320000000003
30,25.835351
30,7.005181
30,20.760232
30,8.172812
30,33.829699
30,49.466303
30,20.335931000000002
30,21.829638
30,6.403123
30,37.477691
30,4.2675339999999995
30,45.905010000000004
30,21.895266
30,6.969067
30,5.3554379999999995
30,2.945824
30,36.386228
30,3.452107
30,19.085491
30,23.943441
30,10.412015
30,11.056306
30,5.818353
30,12.087489
30,3.396928
30,46.154292
30,11.17663
30,18.423977
30,8.634648
30,46.428979000000005
30,2.074971
30,6.151756000000001
30,19.126043
30,32.049818
30,43.361132
30,6.402259000000001
30,6.4525310000000005
30,40.635264
30,3.552613
30,6.010318
30,1.310728
30,8.111438
30,50.220420000000004
30,15.49071
30,40.76097
30,52.772767
30,3.7410669999999997
30,22.93908
30,34.137635
30,8.315255
30,18.450483
30,24.787994
30,28.775222
30,7.121759
30,32.784032999999994
30,3.3692290000000003
30,8.948983
30,42.455986
30,12.865741
30,4.5437330000000005
30,37.943659999999994
30,39.028738
30,19.197315
30,44.029541
30,9.587017999999999
30,4.206395
30,25.393829999999998
30,7.890875
30,46.907619
30,3.779738
30,11.420115999999998
30,17.849239999999998
30,5.946439000000001
30,9.215620000000001
30,3.199417
30,19.65109
30,22.756518
30,48.181281999999996
30,28.295911
30,27.751904
30,3.679265
30,23.055322999999998
30,7.307525
30,7.573887
30,4.5468779999999995
30,22.18237
30,27.500574999999998
30,25.300634
30,13.206354
30,16.279328
30,27.466082
30,32.576063000000005
30,9.973464
30,19.587165
30,4.593022
30,8.63167
30,21.045757
30,39.953378
30,18.17714
30,40.211247
30,14.549819000000001
30,24.346028
30,5.7334760000000005
30,16.055891
30,38.651379
30,31.590577000000003
30,22.664571000000002
30,9.239214
30,4.0547580000000005
30,39.251221
30,9.569730999999999
30,12.264551
30,11.667119999999999
30,15.459942000000002
30,32.877533
30,15.029300000000001
30,40.952323
30,49.622457000000004
30,6.851677
30,31.978245
30,12.508839
30,3.607641
30,17.105413
30,28.133763
30,30.184288
30,4.093673
30,10.291331000000001
30,4.518315
30,22.992227
30,17.601846000000002
30,24.663602
30,2.002802
30,29.262904
30,5.546133
30,41.346287000000004
30,5.5026
30,9.166782
30,11.623751
30,3.0213940000000004
30,13.764325000000001
30,5.046092000000001
30,9.107657999999999
30,1.644401
30,15.392383
30,30.743657
30,9.769264999999999
30,6.730396
30,3.9258729999999997
30,27.213463
30,32.313395
30,29.669486
30,9.468026
30,34.290728
30,18.921605
30,10.877055
30,30.110208999999998
30,4.869582
30,33.950374
30,26.78897
30,37.43523
30,18.048182999999998
30,4.109848
30,4.000031
30,48.105291
30,7.369527
30,33.412746
30,10.445915
30,29.490817999999997
30,34.751872000000006
30,33.49535
30,1.2586279999999999
30,4.766714
30,3.689743
30,33.842565
30,6.202998
30,9.738378
30,1.728633
30,46.225153
30,4.033238
30,31.615392999999997
30,7.068620999999999
30,9.979645
30,31.744820999999998
30,40.099543000000004
30,23.083085
30,7.566143
30,5.138991
30,38.576152
30,4.426716
30,11.907456999999999
30,48.961980000000004
30,40.13234
30,10.062453000000001
30,9.892015
30,32.52443
130,42.389044
130,92.48238
130,18.07564
130,5.935646
130,22.653121
130,6.775992
130,22.189101
130,16.273743
130,7.073729
130,19.200763
130,3.818959
130,21.95747
130,18.444845
130,7.754793
130,5.924728
130,5.707598
130,10.268439
130,15.291394
130,11.089412
130,7.2483390000000005
130,7.003299999999999
130,7.777144
130,3.628222
130,16.386288999999998
130,10.335125000000001
130,20.341595
130,14.768168999999999
130,21.239189
130,20.026392
130,14.016043
130,17.653727
130,7.447193
130,19.996181
130,3.230683
130,5.40167
130,18.864839
130,9.468722000000001
130,3.255487
130,3.9630159999999997
130,4.710394
130,9.923055999999999
130,18.821426
130,5.550698
130,6.58672
130,19.862238
130,9.24172
130,3.466679
130,1.82555
130,13.386472999999999
130,11.004254999999999
130,17.562595
130,8.340026
130,5.99558
130,10.315512
130,9.621087000000001
130,2.456249
130,5.581849
130,10.050754
130,2.137894
130,14.886172
130,10.323107
130,4.940982
130,2.8549550000000004
130,7.862212
130,2.978373
130,14.080006000000001
130,14.822537
130,2.869961
130,8.608509999999999
130,6.122782
130,6.555239
130,5.440094
130,4.309219000000001
130,9.006781
130,4.285207
130,6.174334
130,2.665269
130,11.942515
130,16.447917
130,4.9945450000000005
130,4.990987
130,2.6560759999999997
130,21.679752999999998
130,2.118211
130,8.215994
130,2.843226
130,17.557541
130,17.826339
130,18.796462
130,3.29634
130,18.118071999999998
130,7.562322
130,16.570775
130,3.719566
130,7.7617
130,9.034857
130,3.5849710000000004
130,0.777482
130,7.602085
130,16.247568
130,3.167768
130,13.061164999999999
130,12.837968
130,9.727232
130,12.585798
130,4.212743
130,8.581507
130,3.8049939999999998
130,6.553243
130,18.39209
130,4.97156
130,2.849656
130,17.563551
130,14.806127
130,7.1758489999999995
130,5.284522
130,2.6838349999999997
130,3.264101
130,2.0001469999999997
130,13.428795000000001
130,11.619235999999999
130,6.6914679999999995
130,19.207126000000002
130,10.137672
130,3.025482
130,13.107126000000001
130,18.038572
130,3.4348769999999997
130,4.830522
130,15.062311
130,19.260106
130,3.4003330000000003
130,5.938229
130,3.259039
130,3.034091
130,5.116657999999999
130,7.9809719999999995
130,14.754559
130,2.7377640000000003
130,9.881649
130,18.793446
130,10.073452
130,18.060326
130,4.226497
130,11.263631
130,3.701364
130,9.426957
130,17.728078
130,11.625348
130,13.390096
130,13.151592
130,10.645755
130,10.219957
130,2.9634489999999998
130,6.219360999999999
130,4.4874
130,14.906134
130,15.876149999999999
130,2.340553
130,0.477648
130,17.549599999999998
130,4.748689000000001
130,9.169788
130,11.872568999999999
130,16.562746999999998
130,14.799035
130,5.616054
130,9.030349
130,2.4516859999999996
130,8.729595
130,7.065545
130,2.023388
130,1.551635
130,1.941753
130,3.849162
130,12.311058999999998
130,9.867382
130,6.897642
130,1.524793
130,19.329938000000002
130,15.553534
130,13.997328999999999
130,13.290737
130,17.974728
130,4.29006
130,0.42210400000000003
130,2.58682
130,10.454043
130,1.885985
130,16.920603999999997
130,2.201544
130,14.893877
130,3.755873
130,8.06989
130,6.628449
130,17.253058000000003
130,2.371083
130,0.303222
130,5.231269999999999
130,3.08526
130,1.6566230000000002
130,11.130276
130,2.767026
130,16.981393
130,1.475485
130,10.301085
130,18.143134000000003
130,6.8330329999999995
130,0.534061
130,18.78827
130,1.8158969999999999
130,2.356708
130,6.167224
130,5.421473
130,19.093268
130,1.5756489999999999
130,17.432952
130,11.077969999999999
130,15.936087000000002
130,5.975822000000001
130,10.828027
130,4.086806
130,8.745222
130,11.686334
130,13.197877
130,12.84495
130,14.141243
130,18.574537
130,16.673303
130,4.939011
130,12.319602000000001
130,4.962493
130,2.903324
130,1.216288
130,5.6345019999999995
130,1.51155
130,2.315021
130,1.713928
130,19.714471
130,7.913936
130,19.155704
130,7.718331
130,4.282669
130,16.362346
130,12.536322
130,2.139326
130,20.333085
130,7.062303
130,7.867526
130,5.991492999999999
130,1.993476
130,15.121426
130,2.391243
130,5.480176
130,3.598469
130,3.0134559999999997
130,18.817466000000003
130,19.148387
130,6.090018
130,4.539818
130,11.013769
130,0.37185799999999997
130,1.313374
130,15.514253
130,13.389571
130,2.97812
130,13.120624
130,11.969936
130,4.236028999999999
130,13.767894
130,1.405905
130,3.0171740000000002
130,2.043821
130,5.306419
130,1.176983
130,4.941126
130,13.003198000000001
130,4.766062
130,2.650848
130,11.566925000000001
130,14.329872
130,2.9894600000000002
130,12.503318
130,10.709013
130,4.209840000000001
130,14.601243
130,19.024016
130,18.216788
130,2.332981
130,7.531645
130,15.067389
130,2.597967
130,2.618012
130,3.582393
130,7.478235
130,1.429377
130,9.678551
130,15.40414
130,3.213168
130,3.895038
130,5.776362
130,14.806251
130,2.776704
130,2.196796
130,1.6581650000000001
130,1.1717629999999999
130,0.632416
130,10.152252
130,6.753033
130,9.850767
130,4.419613999999999
130,1.644116
130,17.890191
130,5.723316
130,5.624264
130,6.521744
130,18.162814
130,6.260885
130,12.687656
130,1.513101
130,6.631913
130,16.255459
130,3.208298
130,13.914698
130,0.799107
130,1.389186
130,21.480836
130,18.481294
130,10.649329000000002
130,4.858579
130,6.929497
130,16.313793999999998
130,11.319011999999999
130,12.657668000000001
130,9.390849
130,2.697634
130,6.804763
130,18.639022
130,3.4700249999999997
130,6.973355
130,6.909139
130,7.865867000000001
130,6.641925
130,3.392906
130,13.429139
130,0.743966
130,4.6532420000000005
130,15.732926
130,0.88721
130,1.046761
130,1.657605
130,0.33009700000000003
130,16.023622
130,9.80881
130,7.997305999999999
130,11.782097
130,19.009936000000003
130,8.16178
130,0.881197
130,12.541584
130,16.718243
130,1.690661
130,13.415786
130,2.286633
130,1.6157380000000001
130,6.300208
130,2.1854679999999997
130,4.357424
130,17.940386999999998
130,1.718095
130,8.803045000000001
130,7.621195
130,0.29651500000000003
130,8.58691
130,6.440855
130,15.623215
130,4.1466330000000005
130,11.420207
130,16.267167999999998
130,12.305575
130,10.357542
130,1.825606
130,14.729716999999999
130,6.660593
130,3.345259
130,11.650348
130,1.401798
130,16.851830000000003
130,11.453896
130,18.29631
130,13.748662
130,18.269187
130,4.626999
130,2.918748
130,3.91912
130,18.012699
130,5.011584
130,1.558428
130,1.8379349999999999
130,9.120068999999999
130,6.189295
130,2.785946
130,5.479147
130,17.666926
130,6.5987420000000006
130,0.36325
130,8.851862
130,5.385542
130,4.692233
130,13.368817
130,18.840719
130,18.015724
130,13.024845000000001
130,2.0962
130,5.453246
130,3.669104
130,7.998042000000001
130,12.31317
130,17.129901999999998
130,10.154774
130,6.73534
130,17.176015999999997
130,10.480052
130,10.193207
130,13.374654
130,15.982633
130,9.786568
130,8.528261
130,5.85217
130,2.227764
130,2.293904
130,8.546299
130,6.8561250000000005
130,8.120745000000001
130,12.298977
130,5.570137
130,7.898557
130,10.924534
130,13.687259000000001
130,5.453418
130,17.974635
130,17.462231000000003
130,4.298640000000001
130,14.581406999999999
130,8.904779
130,5.564055
130,15.146951000000001
130,1.523266
130,5.336136
130,4.921692
130,2.597939
130,3.912115
130,19.387881
130,18.060031000000002
130,6.980421
130,14.237084000000001
130,1.6431
130,16.438355
130,3.660904
130,4.558930999999999
130,11.09807
130,11.716327999999999
130,2.130519
130,7.585481
130,10.646558
130,6.624131
130,15.759962999999999
130,4.672379
130,20.020031
130,20.468124
130,4.574686
130,17.083292
130,4.254265999999999
130,17.946483999999998
130,2.397181
130,0.383111
130,6.924391
130,6.421541
130,18.213127
130,5.661987
130,16.444208
130,18.449261
130,3.407501
130,10.628275
130,0.47461200000000003
130,1.7915290000000001
130,9.218055
130,11.306646
130,17.526274
130,10.985899999999999
130,4.61121
130,4.571668
130,2.105723
130,7.371846
130,5.414899
130,11.984472
130,7.983333
130,14.713073999999999
130,4.84326
130,12.153053
130,13.161658
130,8.463621
130,3.0512960000000002
130,15.788509
130,16.567419
130,3.5220160000000003
130,18.113014
130,2.7384380000000004
130,1.4529239999999999
130,7.568476
130,14.238330000000001
130,12.186968
130,13.618955999999999
130,0.38626900000000003
130,3.2493190000000003
130,11.185578
130,4.6175299999999995
130,16.868129999999997
130,5.856219
130,18.163504
130,14.974136000000001
130,12.477338
130,10.949686999999999
130,9.029141
130,7.153475
130,18.217213
130,18.21529
130,18.448867
130,10.931244
130,0.665374
130,21.030596
130,7.451341
130,16.281666
130,15.655472
130,4.101468
130,1.789692
130,4.83775
130,14.197977999999999
130,7.149152
130,1.696297
130,3.0999719999999997
130,13.518604999999999
130,16.792272
130,11.85599
130,11.052059
130,11.142332
130,13.741000999999999
130,14.15315
130,11.138554000000001
130,10.938072
130,3.0909280000000003
130,19.625733999999998
130,1.916653
130,19.136587
130,3.626348
130,2.530442
130,6.249884
130,14.689317
130,4.146441
130,2.861128
130,13.748082
130,1.544867
130,2.105112
130,1.574198
130,16.129701
130,2.510283
130,17.189717
130,3.803543
130,3.962554
130,4.709802
130,2.001846
130,3.419209
130,2.183577
130,10.911659
130,1.4510930000000002
130,15.216411
130,19.519721999999998
130,6.260922000000001
130,14.006440999999999
130,1.072459
130,2.965863
130,1.3382450000000001
130,4.765828
130,11.981649
130,14.812337
130,6.670463
130,6.363993
130,5.917148
130,9.032057
130,1.3785939999999999
130,1.605127
130,16.277403
130,16.833365
130,15.993428
130,3.537991
130,19.712251
130,4.972583
130,4.607801
130,3.4573020000000003
130,19.649534
130,16.910006000000003
130,17.81171
130,15.828602
130,8.867177
130,8.891720000000001
130,6.391151000000001
130,12.806706
130,3.381386
130,2.42968
130,0.332681
130,13.19773
130,14.3595
130,4.085133
130,8.390785
130,1.219637
130,12.708898999999999
130,3.83351
130,14.670079000000001
130,14.46454
130,16.624064
130,4.831114
130,7.545676
130,0.9968290000000001
130,17.440806
130,2.840232
130,5.907361
130,0.157796
130,1.388089
130,12.009953
130,2.2546519999999997
130,8.052116
130,16.125443999999998
130,14.996192
130,12.651019
130,4.667473
130,3.013154
130,5.688986
130,1.565954
130,4.957383
130,17.241668
130,13.874882
130,16.069028999999997
130,12.771650000000001
130,4.56365
130,7.211946
130,1.572727
130,18.123329000000002
130,15.127877
130,5.196193
130,8.022955
130,3.7868899999999996
130,4.415942
130,9.466034
130,6.417502000000001
130,1.380141
130,3.059058
130,7.9709259999999995
130,4.599093
130,10.246941000000001
130,19.510474
130,2.003593
130,12.540569999999999
130,13.573706
130,17.177771
130,12.559258
130,8.165251
130,15.781449
130,4.529240000000001
130,5.119045
130,9.648473
130,14.874094
130,10.919879
130,15.103993
130,17.964257
130,3.396609
130,8.279831
130,17.149343000000002
130,8.545268
130,17.717713999999997
130,2.945648
130,14.381689
130,2.0164079999999998
130,11.153258
130,4.199067
130,6.918307
130,11.187037
130,4.813505
130,16.029734
130,18.471643
130,1.238561
130,13.187255
130,10.535612
130,14.017284
130,8.221774
130,5.436082
130,16.378422
130,17.701211
130,11.681708
130,1.99467
130,1.292063
130,14.75203
130,1.9919719999999999
130,9.462923
130,2.175052
130,2.192926
130,3.390834
130,5.990521
130,5.740581
130,5.243012
130,1.015619
130,13.690018
130,3.739111
130,9.917932
130,4.27364
130,17.206521
130,4.54621
130,5.142066
130,2.146781
130,10.111637
130,2.917693
130,16.555284
130,14.685992
130,5.853016
130,3.925454
130,11.782538
130,18.165363
130,9.893101
130,8.813078
130,6.183264
130,9.587899
130,1.482814
130,13.868521999999999
130,1.603153
130,2.806963
130,2.869663
130,16.630806
130,1.295808
130,17.621349000000002
130,2.7972219999999997
130,8.736749999999999
130,4.4221699999999995
130,5.039901
130,16.585294
130,6.685772
130,3.648315
130,4.3201480000000005
130,13.097585
130,16.352287999999998
130,12.563448
130,1.606477
130,6.776508
130,3.6609390000000004
130,3.89855
130,5.079954
130,7.295391
130,13.567002
130,2.480215
130,1.526102
130,9.966976
130,4.496396
130,9.197951
130,2.666001
130,16.17288
130,12.163379
130,3.9497630000000004
130,11.881633
130,19.163000999999998
130,13.911127
130,0.572533
130,0.90896
130,17.634991999999997
130,19.307344
130,1.688653
130,5.0643579999999995
130,13.201125
130,4.757207999999999
130,2.6882569999999997
130,17.572763000000002
130,17.41377
130,6.679104
130,13.653554
130,2.0273320000000004
130,1.756681
130,15.930026999999999
130,12.73002
130,3.0497520000000002
130,9.742509
130,1.5539749999999999
130,13.907858000000001
130,14.219356000000001
130,11.711991999999999
130,6.1246290000000005
130,8.093797
130,15.991937000000002
130,1.3917359999999999
130,16.554043
130,2.771366
130,14.709549
130,7.735206
130,10.655807999999999
130,8.084427
130,17.922197
130,6.234158
130,2.9185090000000002
130,20.147191
130,19.315434999999997
130,20.193852000000003
130,11.589797
130,2.915254
130,3.057775
130,2.7049130000000003
130,18.225196999999998
130,15.825887999999999
130,16.259387
130,19.943053
130,20.484955
130,3.0666550000000004
130,4.840293
130,4.7193570000000005
130,13.274586999999999
130,17.201976000000002
130,15.361764
130,10.079961
130,16.845793
130,11.177283
130,8.092409
130,3.4755290000000003
130,1.250134
130,9.575173
130,13.698299
130,5.8244810000000005
130,6.538534
130,9.99672
130,14.649038
130,16.344537
130,17.412837
130,10.160622
130,9.090233
130,15.973549
130,9.577396
130,10.615329999999998
130,11.047205
130,13.260879
130,11.532169999999999
130,15.1841
130,5.545616
130,2.775578
130,2.370791
130,3.400353
130,7.00101
130,8.962205
130,3.144895
130,1.626506
130,17.113173
130,9.582869
130,4.631328
130,4.264321
130,6.891508
130,18.311153
130,6.152925
130,1.706081
130,5.490605
130,21.139319
130,12.168667
130,12.218796000000001
130,3.185706
130,17.967129
130,17.965201999999998
130,6.432199000000001
130,17.258094
130,5.245923
130,3.2342690000000003
130,6.811224999999999
130,19.963235
130,5.150011
130,13.261409
130,17.977667999999998
130,4.54862
130,9.025079
130,12.092177000000001
130,3.827735
130,1.542437
130,4.866788000000001
130,4.102837
130,13.177064
130,1.705344
130,5.853231
130,4.285768
130,9.924061
130,19.196044
130,9.979125999999999
130,2.853474
130,1.598919
130,17.899942
130,6.331535
130,2.644109
130,9.997789
130,18.705681
130,17.856576999999998
130,1.9922289999999998
130,7.6621049999999995
130,0.211539
130,3.6498619999999997
130,3.9546729999999997
130,4.032258000000001
130,17.597749999999998
130,7.933337000000001
130,16.015677999999998
130,4.426416
130,11.136748
130,9.182741
130,3.3935649999999997
130,1.864343
130,1.75487
130,4.249817
130,2.6729819999999997
130,0.239309
130,14.775007
130,8.511734
130,13.426528
130,16.799941
130,13.535034
130,16.398267
130,0.405745
130,9.783294
130,17.176471
130,2.554418
130,8.832260999999999
130,14.177361
130,5.4775279999999995
130,18.980613
130,16.438227
130,8.388589
130,13.105304
130,2.27632
130,13.584899
130,16.407722
130,16.576901000000003
130,0.336059
130,11.252158999999999
130,5.9902489999999995
130,15.102395
130,17.297984999999997
130,13.828597
130,9.103227
130,3.958737
130,2.2440469999999997
130,3.3139
130,19.361166
130,18.867608
130,2.089007
130,6.284154
130,11.993575
130,18.67973
130,11.616238
130,4.194586999999999
130,3.534726
130,1.9192090000000002
130,12.117932
130,14.130257
130,2.155174
130,11.789297000000001
130,6.984178
130,3.019012
130,8.319412999999999
130,4.912878
130,5.83956
130,11.654705
130,5.445018
130,8.375513
130,12.796112
130,4.286214
130,11.670556
130,15.783137
130,19.457826
130,0.483306
130,2.511012
130,2.409277
130,3.6852389999999997
130,11.452907999999999
130,3.96525
130,2.476404
130,2.752899
130,0.384004
130,11.513511000000001
130,3.6288829999999996
130,8.454728999999999
130,1.831509
130,10.873653000000001
130,12.455461
130,11.072253
130,1.005701
130,2.524575
130,10.643078000000001
130,7.786063
130,4.280945
130,16.620149
130,9.549787
130,14.006879999999999
130,12.244437
100,95.47728900000001
100,6.048775999999999
100,18.677878
100,29.575304
100,12.369015000000001
100,17.468112
100,22.361356
100,16.03687
100,12.586157
100,8.58276
100,21.233387999999998
100,6.0658140000000005
100,17.463983
100,6.029451
100,0.362396
100,5.412710000000001
100,6.524462
100,14.43728
100,6.795471
100,26.626055
100,5.844543
100,10.308902999999999
100,6.414427
100,13.497658
100,5.2927859999999995
100,6.055401
100,6.113328
100,13.889814000000001
100,7.635554999999999
100,25.099435
100,12.52201
100,7.29172
100,11.101718
100,4.543877
100,16.62403
100,3.6951699999999996
100,12.03292
100,2.740286
100,2.8141249999999998
100,2.5857319999999997
100,5.119976
100,5.952287
100,5.296938
100,10.737531
100,14.52174
100,3.111989
100,2.7773849999999998
100,16.043848999999998
100,15.738992
100,0.6658729999999999
100,14.648269
100,5.4870090000000005
100,11.600734999999998
100,21.489444
100,3.84238
100,7.09878
100,6.664527
100,16.83126
100,17.265124
100,7.981192999999999
100,28.341489
100,3.381776
100,15.737319
100,16.783347
100,3.7106209999999997
100,10.895776
100,5.698046
100,12.005145
100,4.353377
100,4.160621
100,12.751667
100,10.481752
100,4.094421
100,0.853329
100,10.475072
100,21.60737
100,6.886388
100,25.064798
100,6.422848
100,19.343539
100,12.319443
100,6.729755
100,21.291465
100,24.83328
100,6.941923
100,15.383597
100,3.088632
100,6.318069
100,3.686086
100,6.1468169999999995
100,7.127756
100,7.974219
100,4.590847999999999
100,7.8659609999999995
100,17.675641
100,10.130241999999999
100,9.172692
100,5.269321000000001
100,2.288106
100,1.358597
100,4.277394
100,18.457999
100,12.626930999999999
100,2.765254
100,17.960100999999998
100,0.821487
100,9.313438999999999
100,14.432171
100,4.452947
100,3.793613
100,6.833692
100,20.30313
100,10.727974
100,11.094956
100,3.9983299999999997
100,3.750363
100,3.6130950000000004
100,3.6619479999999998
100,17.741923
100,22.544705
100,10.729078
100,6.829815
100,1.482093
100,12.009573000000001
100,8.427471
100,5.068773
100,2.371317
100,10.833992
100,2.439919
100,20.900591
100,7.041674
100,2.09164
100,11.549494000000001
100,23.671395
100,4.56536
100,21.376636
100,1.48153
100,3.853064
100,6.590747
100,14.884282
100,11.298375
100,4.470217
100,25.016795000000002
100,4.2779039999999995
100,7.014034
100,22.516883
100,9.545221
100,4.232114
100,7.9732069999999995
100,20.134856
100,3.9368500000000006
100,8.504697
100,2.80292
100,22.270376000000002
100,15.074793
100,2.299079
100,5.846167
100,27.493437999999998
100,4.713550000000001
100,3.851148
100,12.011931
100,6.2674970000000005
100,19.815534
100,15.191447
100,4.700683
100,24.971332999999998
100,4.4168389999999995
100,2.207423
100,12.907765
100,2.434631
100,12.131445
100,23.101139
100,12.612438000000001
100,13.968478
100,24.880264
100,16.951368000000002
100,16.474469
100,17.213072999999998
100,2.551072
100,13.709357
100,21.113412
100,6.229636
100,7.368957
100,2.6044240000000003
100,16.593836
100,5.25408
100,24.600379
100,1.71729
100,5.785842000000001
100,3.251809
100,15.629501000000001
100,9.313925000000001
100,23.481582
100,12.401698
100,27.701126
100,1.103068
100,12.756602
100,13.585504
100,11.990878
100,11.673419
100,7.892784
100,15.977562
100,25.430516
100,4.146139
100,6.39217
100,5.768737000000001
100,2.552034
100,18.303721
100,6.419476
100,3.550462
100,8.792091000000001
100,21.409557
100,22.898009000000002
100,18.535959000000002
100,3.374618
100,23.33692
100,4.969056999999999
100,6.30628
100,5.983137999999999
100,4.735922
100,4.064302
100,9.130554
100,10.203485
100,18.590301
100,4.114905
100,14.170247
100,0.994324
100,2.357084
100,1.704439
100,14.915825
100,15.969123000000002
100,6.505402
100,19.924067
100,5.376478
100,3.175013
100,19.558719
100,6.235986
100,8.117464
100,14.432979
100,9.452422
100,19.619587
100,10.255173
100,11.880199
100,3.073037
100,13.675741
100,9.79634
100,0.518401
100,2.9850309999999998
100,5.493639
100,12.122123
100,22.464802
100,18.752761
100,5.807348999999999
100,7.403986000000001
100,2.169628
100,7.003421
100,24.329202000000002
100,10.874714
100,1.985408
100,10.067281000000001
100,15.942156999999998
100,13.705202
100,20.994576000000002
100,19.354599999999998
100,13.427321000000001
100,9.981183
100,24.542022
100,24.42324
100,21.078315
100,10.408457
100,3.818071
100,5.36067
100,2.311465
100,21.3518
100,17.45719
100,5.379504
100,2.576511
100,13.28796
100,9.870061
100,11.618853
100,5.485412999999999
100,1.786867
100,3.80796
100,6.05873
100,6.354507
100,22.473354
100,3.504224
100,5.166766
100,5.170219
100,19.090925000000002
100,9.460495
100,6.623460000000001
100,7.103196
100,22.355698
100,6.111695
100,22.850581
100,13.290683
100,7.264858
100,2.36876
100,2.0510129999999998
100,9.670404000000001
100,16.163791
100,12.472325
100,26.296488999999998
100,16.494467
100,22.259287999999998
100,1.9844279999999999
100,17.963744000000002
100,14.18972
100,3.865612
100,2.742396
100,26.445269
100,6.646331
100,22.61885
100,22.602902
100,4.449466
100,16.336035
100,4.303545
100,15.419404
100,9.401726
100,3.406941
100,2.6766550000000002
100,8.038303
100,19.301218
100,5.574454
100,10.838156999999999
100,0.9339949999999999
100,12.755061
100,2.66459
100,9.226326
100,5.114526000000001
100,1.831891
100,15.09103
100,5.648951
100,14.109872000000001
100,7.700501999999999
100,9.207071000000001
100,6.130738
100,3.59255
100,2.422949
100,18.019123
100,5.419556
100,13.366962
100,5.181019999999999
100,7.269661
100,6.258387
100,10.655347
100,13.174277
100,1.806054
100,0.8714890000000001
100,26.092453000000003
100,15.005917
100,20.202814999999998
100,5.569732
100,8.661531
100,21.21509
100,23.756767
100,6.465616000000001
100,17.358287
100,8.881991000000001
100,5.700376
100,18.102945
100,24.940658000000003
100,11.799967
100,3.381338
100,26.090152
100,7.692102
100,5.068099
100,0.758595
100,6.683107
100,6.911137
100,20.287643000000003
100,3.1358800000000002
100,12.498299
100,6.035664
100,6.116034
100,14.519103
100,1.050352
100,24.508625
100,24.981659
100,4.114286
100,9.695333999999999
100,12.922711999999999
100,4.287136
100,6.901487
100,11.195443
100,12.357346
100,2.1490210000000003
100,2.807314
100,11.977233
100,21.996984
100,3.383396
100,16.824948
100,22.689078000000002
100,21.15243
100,12.395774999999999
100,11.470841
100,2.787157
100,11.044063
100,14.210915
100,24.324847000000002
100,9.972694
100,2.336564
100,21.438871000000002
100,1.3666690000000001
100,2.478004
100,14.886756
100,3.962704
100,2.886295
100,0.651217
100,2.8714600000000003
100,17.52248
100,17.468338
100,18.673955
100,24.167785000000002
100,18.283509
100,8.918410999999999
100,1.2074880000000001
100,3.23704
100,12.414074000000001
100,3.789777
100,6.260815
100,9.129771999999999
100,5.710377
100,22.674731
100,2.542008
100,17.78369
100,16.658682000000002
100,1.590768
100,3.890863
100,5.513175
100,2.585696
100,14.173541
100,5.778491
100,3.6709479999999997
100,6.937766
100,2.694948
100,0.920585
100,4.382334
100,24.702643
100,3.480569
100,18.329713
100,20.927726
100,18.423821999999998
100,0.808117
100,3.4447929999999998
100,3.8598090000000003
100,8.347287
100,20.746747
100,1.850931
100,8.075628
100,2.8479970000000003
100,6.28027
100,25.055909
100,3.429932
100,22.736598
100,3.561124
100,25.206422999999997
100,4.076994
100,2.602283
100,6.655734
100,9.288622
100,1.659166
100,17.60095
100,5.069203000000001
100,1.923758
100,9.603987
100,8.814169999999999
100,3.5206560000000002
100,7.628385
100,12.668851
100,7.951893999999999
100,7.336703
100,0.623346
100,18.291505
100,3.939262
100,2.0969320000000002
100,6.501372
100,9.950907
100,3.366988
100,13.583509000000001
100,10.268832999999999
100,6.237696
100,2.748016
100,5.669847000000001
100,20.334554
100,11.208012
100,23.327546
100,6.059044
100,2.199505
100,20.828959
100,26.107214
100,3.222603
100,3.193553
100,12.858388999999999
100,4.95872
100,8.430905000000001
100,21.907959
100,3.54755
100,5.493474
100,19.373815999999998
100,12.343481
100,17.224381
100,25.056229
100,18.556899
100,3.528747
100,14.16525
100,4.011094
100,9.338367
100,5.800471
100,3.053166
100,3.3046870000000004
100,2.9669230000000004
100,16.573997
100,11.405834
100,22.001050000000003
100,4.689187
100,17.784225
100,2.3455559999999998
100,23.232316
100,2.174222
100,3.733658
100,2.84922
100,12.542205000000001
100,5.795162
100,22.496205
100,7.653286
100,3.6218850000000002
100,6.141757999999999
100,18.800701
100,18.824883
100,5.824956
100,11.829373
100,5.9170050000000005
100,20.244242999999997
100,0.419614
100,24.005337
100,4.523151
100,9.963008
100,24.342305000000003
100,7.796944
100,4.031197000000001
100,9.977361
100,2.561404
100,0.22431099999999998
100,4.825623
100,5.696801
100,9.714499
100,14.013931
100,3.7728520000000003
100,17.566447999999998
100,3.685856
100,14.866363
100,1.073969
100,11.230235
100,20.714547
100,1.655988
100,14.324004
100,3.1702380000000003
100,7.013033999999999
100,15.295265
100,12.698518
100,4.667542999999999
100,2.5006049999999997
100,5.733992000000001
100,12.553749
100,1.6058400000000002
100,12.893811
100,4.475527
100,4.264989
100,7.2840750000000005
100,8.359214
100,8.782103
100,11.363432
100,20.391781
100,24.404919
100,9.063173
100,5.961987000000001
100,0.49982200000000004
100,22.873361
100,1.502324
100,5.655037
100,1.70238
100,10.324635
100,1.722696
100,5.283989999999999
100,14.752823
100,4.519168
100,2.616563
100,9.813156999999999
100,16.033822999999998
100,6.197475
100,3.0810500000000003
100,17.122795
100,8.743532
100,3.620459
100,5.333766
100,3.116887
100,8.178147000000001
100,12.397402
100,2.855384
100,17.953083000000003
100,10.479389000000001
100,7.976586000000001
100,1.432256
100,8.328116
100,20.537944
100,22.122432
100,20.615585
100,22.525096
100,18.017307
100,10.21509
100,5.488309
100,10.90582
100,18.633657000000003
100,3.083214
100,10.405533
100,24.509707
100,10.935952
100,3.9839769999999994
100,2.4878880000000003
100,11.335887
100,0.443384
100,2.2978859999999997
100,1.80735
100,10.978131000000001
100,12.758583
100,25.65274
100,18.15212
100,10.725846
100,2.404821
100,10.543851
100,0.955954
100,7.655815
100,19.522377
100,3.4102249999999996
100,3.659916
100,11.974376
100,2.380242
100,9.084682
100,7.618224
100,8.8689
100,2.062824
100,5.69681
100,23.864847
100,15.94935
100,7.37057
100,13.107641999999998
100,2.4739039999999997
100,11.763413
100,4.040167
100,4.025362
100,2.651834
100,23.89114
100,8.838479
100,17.687203
100,5.267855
100,21.064780000000003
100,14.314073
100,5.8552029999999995
100,22.566145
100,9.219938
100,15.077016
100,13.612895
100,4.455462000000001
100,1.597873
100,1.017593
100,23.887289
100,25.663534000000002
100,5.211003
100,16.917030999999998
100,2.80045
100,5.360234999999999
100,1.608312
100,24.164247
100,4.2336149999999995
100,3.268163
100,14.559472
100,3.362781
100,1.599665
100,2.1197690000000002
100,21.268081000000002
100,21.40665
100,2.096462
100,22.598487
100,19.37704
100,3.610751
100,19.953582
100,2.255436
100,5.755374
100,8.26639
100,2.0345150000000003
100,24.853548
100,10.199108
100,1.400098
100,7.147813
100,2.061875
100,10.540884
100,3.466138
100,10.114811
100,9.818966999999999
100,6.704612
100,24.408009
100,14.155585
100,4.415069
100,12.687937999999999
100,14.141539999999999
100,1.055916
100,9.230628
100,1.515187
100,14.990724
100,1.508878
100,10.550951
100,10.221833
100,11.943428
100,15.933408
100,21.114914
100,20.863732
100,6.4969779999999995
100,10.975791000000001
100,8.486015
100,3.047628
100,3.653064
100,1.580803
100,9.168796
100,19.158153000000002
100,19.055006
100,7.691952000000001
100,8.3788
100,3.5918479999999997
100,4.926368
100,3.068518
100,23.797355999999997
100,23.594526000000002
100,17.083042
100,4.4833750000000006
100,23.866941999999998
100,25.062030999999998
100,12.738499000000001
100,13.983327000000001
100,6.698601
100,1.196688
100,2.597712
100,11.476939999999999
100,3.8018069999999997
100,9.996489
100,8.269716
100,1.8721949999999998
100,4.503664
100,10.161909
100,11.359016
100,5.2776000000000005
100,20.176286
100,15.584468000000001
100,3.804184
100,17.611629999999998
100,13.761759999999999
100,4.414132
100,12.03337
100,20.559853999999998
100,6.377222
100,17.707639
100,4.8639269999999994
100,4.250256
100,23.029799999999998
100,3.59562
100,5.183503
100,25.202923
100,4.730194
100,24.855317
100,14.131749000000001
100,18.734552
100,26.29563
100,1.2540209999999998
100,3.853801
100,4.2816030000000005
100,12.197504
100,13.727971
100,20.297999
100,11.239644
100,2.566288
100,8.379105
100,21.795486
100,12.841335
100,14.206066
100,3.6939439999999997
100,4.133741
100,24.868050999999998
100,11.962596000000001
100,23.174894000000002
100,6.718199
100,3.30685
100,12.323798
100,1.663496
100,12.701458
100,15.423464
100,3.8687069999999997
100,12.605367
100,15.02614
100,10.314204
100,5.583327
100,4.015956
100,10.868221
100,22.951541
100,4.6107070000000006
100,4.299747
100,7.09117
100,2.752107
100,21.791825
100,4.325298
100,5.5633490000000005
100,9.062316000000001
100,1.608349
100,15.068195
100,15.117724
100,21.532897
100,3.125607
100,14.104032
100,16.954077
100,11.045175
100,0.563303
100,7.969851
100,10.385057
100,5.606959
100,22.958733
100,8.186812
100,24.024508
100,24.723771
100,1.037182
100,2.5371930000000003
100,1.899183
100,2.577403
100,15.072802999999999
100,8.528767
100,8.633277
100,2.83077
100,3.3002079999999996
100,3.300567
100,13.370179
100,4.750949
100,0.555032
100,16.009506
100,13.721562
100,1.594699
100,7.1838880000000005
100,3.786343
100,7.496194
100,1.6355499999999998
100,3.469172
100,21.227645
100,9.862249
100,24.597039000000002
100,1.003074
100,11.813998
100,4.705087
100,13.771003
100,22.560851
100,12.910759
100,4.857009
100,12.101244000000001
100,0.5634140000000001
100,6.5263279999999995
100,7.122407
100,2.745903
100,17.059457000000002
100,4.3064599999999995
100,3.3870620000000002
100,16.507231
100,11.365214
100,23.017873
100,23.63155
100,13.649652
100,5.211665
100,2.0055609999999997
100,10.773294
100,22.06917
100,27.598764000000003
100,18.338519
100,5.255629000000001
100,3.827429
100,1.916837
100,8.463943
100,2.951853
100,4.027228
100,5.430423
100,3.437719
100,2.323906
100,11.495576
100,12.003458
100,0.44301399999999996
100,12.202055
100,24.693117
100,11.826834
100,5.459366
100,25.749993
100,10.542651
100,0.25882299999999997
100,2.930354
100,15.876116999999999
100,2.629808
100,25.329159
100,18.618068
100,11.10563
100,2.338228
100,24.785727
100,0.9651660000000001
100,12.782195
100,3.289332
100,26.48405
100,5.542394
100,3.9541890000000004
100,1.6575900000000001
100,24.411931000000003
100,2.1542499999999998
100,2.015228
100,3.7365530000000002
100,2.343576
100,18.820753
100,7.598317000000001
100,24.667745
100,3.613286
100,5.417258
100,14.715564
100,1.9339629999999999
100,21.577527999999997
100,4.772443
100,25.953575
100,14.8036
100,4.364776
100,0.323628
100,3.215996
100,12.206681
100,8.36557
100,6.333211
100,3.5093720000000004
100,9.945753
100,7.442219
100,7.640377
100,17.280053
100,0.691227
100,9.528558
100,20.271264000000002
100,11.091443
100,10.838856
100,0.21558
100,22.53941
100,21.714098
100,2.29916
100,21.006878
100,4.965013
100,9.949197999999999
100,1.947157
100,4.47782
100,1.4722870000000001
100,7.9903390000000005
100,19.14938
100,3.6915590000000003
100,25.097212
100,9.804769
100,5.336938
100,3.145045
100,3.667491
100,9.793779
100,24.872861999999998
100,24.93393
100,20.930037
100,5.175401
100,19.019906
100,3.255612
100,14.99671
100,5.9498169999999995
100,2.623272
100,5.296987000000001
100,5.454797
100,9.173307000000001
100,24.330008
100,10.526357
100,3.72297
100,17.456003000000003
100,10.153108
100,14.550834
100,3.33498
100,3.011888
100,9.672953999999999
100,16.326463999999998
100,18.971082
100,15.216657999999999
100,16.368679
100,3.011975
100,15.177634000000001
100,14.815363
100,8.038778
100,4.068749
100,4.830751
100,16.48646
100,4.093073
100,23.703591
100,10.222441
100,22.533449
100,5.186022
80,19.302035
80,36.545579000000004
80,57.409306
80,11.638091
80,16.602687000000003
80,5.485392
80,2.944311
80,5.602521
80,0.819697
80,11.775414
80,12.383496000000001
80,7.256479
80,3.067523
80,31.863729
80,18.531321
80,4.834607999999999
80,3.213724
80,13.330379
80,16.630893
80,6.744509
80,13.282225
80,3.0800150000000004
80,26.002574
80,11.500506000000001
80,11.9761
80,13.609779000000001
80,1.717266
80,6.117185
80,5.524827
80,2.766664
80,18.514413
80,4.371721
80,13.501661
80,27.566302
80,11.703235
80,33.227007
80,5.201774
80,3.580471
80,6.732042
80,15.326768
80,0.745836
80,13.680325999999999
80,23.747883
80,13.255538000000001
80,1.118686
80,10.766984
80,28.420966999999997
80,11.279424
80,2.8968760000000002
80,3.3286029999999998
80,1.919596
80,0.856239
80,10.015904
80,6.427264
80,7.213868
80,20.878025
80,31.816369999999996
80,26.681145
80,4.007587
80,8.261542
80,25.762293
80,1.096149
80,4.198551
80,2.136635
80,1.970955
80,25.058666
80,25.066231000000002
80,6.913214
80,10.537946
80,20.035932
80,11.831293
80,13.916546
80,3.637603
80,1.9549519999999998
80,7.845540999999999
80,11.812961
80,7.17225
80,12.18442
80,16.539852
80,19.674858
80,3.9239009999999994
80,8.64577
80,2.112606
80,11.154050999999999
80,5.903308
80,27.546357
80,8.168649
80,1.247497
80,3.572515
80,6.022097
80,19.255786
80,1.196709
80,1.027367
80,3.339649
80,4.995037
80,15.057826
80,4.066219
80,3.855331
80,5.816536
80,28.14621
80,2.7635300000000003
80,25.663988
80,1.4344990000000002
80,8.453716
80,28.248929
80,1.670815
80,6.059547
80,3.326355
80,20.880286
80,2.71174
80,9.266694000000001
80,8.262273
80,6.937983
80,19.235847
80,25.965603
80,3.369741
80,4.6939779999999995
80,7.457924
80,0.5083909999999999
80,16.200125
80,9.153678
80,7.315607
80,4.069388999999999
80,13.448696
80,1.472181
80,24.15459
80,25.037315
80,5.294529
80,23.131884
80,9.131566000000001
80,3.9858439999999997
80,24.165255
80,4.042805
80,5.660462
80,13.683741
80,35.033083
80,11.974683
80,4.290234000000001
80,4.353496
80,7.118366
80,16.230893
80,1.7820010000000002
80,0.881359
80,22.031229
80,32.043459000000006
80,5.885284
80,5.9154919999999995
80,25.526101999999998
80,16.062276999999998
80,4.742286
80,3.867744
80,5.740668
80,1.884356
80,2.629485
80,26.859299
80,1.4185
80,23.862746
80,24.044207
80,14.444553
80,3.5203629999999997
80,2.0871980000000003
80,21.466247
80,5.676939
80,13.686098000000001
80,25.333125000000003
80,1.1692619999999998
80,6.8089200000000005
80,10.804672
80,5.380577
80,25.288241
80,27.698885
80,5.748548
80,3.984963
80,3.4819809999999998
80,12.32127
80,3.467891
80,25.523681999999997
80,5.295789
80,13.936380999999999
80,3.582974
80,8.094686
80,5.373598
80,1.5510929999999998
80,4.4887
80,24.30939
80,20.01585
80,8.576151000000001
80,13.06869
80,5.963798000000001
80,14.579318
80,26.85576
80,27.220057999999998
80,4.367178
80,13.243469000000001
80,1.462253
80,6.02376
80,17.489599000000002
80,31.761807000000005
80,5.830876
80,4.217623000000001
80,1.353971
80,8.047581999999998
80,4.930739
80,9.438139999999999
80,6.309418
80,4.633972
80,6.056094
80,7.088551
80,21.058915000000002
80,3.205611
80,3.012333
80,3.224329
80,24.971657
80,3.181669
80,22.677296
80,21.343862
80,24.512349
80,1.20145
80,0.853469
80,0.9262950000000001
80,2.6024109999999996
80,14.531939000000001
80,29.87642
80,29.661264
80,3.9207820000000004
80,28.723943
80,7.224032
80,3.1952920000000002
80,17.087335
80,17.227494999999998
80,27.325066
80,2.3703980000000002
80,2.077751
80,24.483442
80,0.436627
80,25.776801
80,3.9090000000000003
80,8.399189
80,0.9555260000000001
80,5.9426380000000005
80,1.4580520000000001
80,2.48692
80,9.204169
80,28.402869
80,6.925212
80,0.468039
80,17.71204
80,8.227248
80,12.765916
80,18.214358999999998
80,17.531215
80,26.974597
80,15.751594
80,27.511117000000002
80,2.118186
80,15.296564
80,11.442429
80,0.828628
80,24.315936999999998
80,6.79842
80,31.152303999999997
80,19.347393
80,26.185987
80,13.100828
80,4.881886000000001
80,30.248336000000002
80,23.886993
80,0.990356
80,4.926386
80,21.242801
80,8.840544000000001
80,18.950808
80,3.70792
80,5.19736
80,1.8065220000000002
80,2.038437
80,20.38253
80,5.949162
80,4.686609
80,3.3337649999999996
80,20.805429
80,19.986497
80,6.139619
80,2.283729
80,28.786216
80,14.226296
80,1.013466
80,24.736818
80,5.22491
80,3.4805080000000004
80,10.843989
80,5.152933
80,4.578551
80,11.652034
80,18.085442999999998
80,21.309148
80,15.12608
80,1.588192
80,4.46566
80,6.098037
80,3.199309
80,3.068331
80,22.29014
80,8.845133
80,2.890896
80,24.030593
80,17.943055
80,22.008123
80,4.657802
80,7.089694
80,5.707643
80,0.381396
80,5.57718
80,12.059821999999999
80,9.341704
80,7.8513969999999995
80,28.010211
80,1.318987
80,1.10745
80,29.841182
80,8.222827
80,23.939641
80,16.131646
80,7.422901
80,26.515231
80,16.944247
80,9.724826
80,3.730864
80,11.84318
80,3.097089
80,23.395946000000002
80,9.334253
80,29.341457000000002
80,20.665665999999998
80,28.760279999999998
80,5.719181
80,8.612179
80,5.275981
80,23.894522000000002
80,10.343814
80,10.482137000000002
80,4.955658
80,4.958226
80,19.195552000000003
80,3.878593
80,3.332046
80,4.060994
80,4.542259
80,23.660743
80,6.044988
80,4.524808
80,1.646714
80,8.796738
80,2.249288
80,8.029194
80,13.213432000000001
80,13.457197
80,2.3340739999999998
80,1.72259
80,2.783367
80,2.332722
80,10.762571
80,9.766319000000001
80,22.295731999999997
80,13.179172
80,2.989212
80,7.079104
80,5.755809
80,19.521572000000003
80,18.767315999999997
80,10.082532
80,6.023244
80,32.184250999999996
80,0.365348
80,25.595842
80,33.888242
80,8.509171
80,2.590078
80,7.144216999999999
80,17.908895
80,19.566159
80,4.868028
80,24.574255
80,26.260319
80,1.8277700000000001
80,6.439415
80,28.684215
80,21.906317
80,3.2780370000000003
80,9.941844999999999
80,9.223119
80,10.761614
80,2.164217
80,2.595009
80,23.101687
80,18.334071
80,8.070079000000002
80,6.298582
80,2.8449590000000002
80,5.319234
80,5.06347
80,19.591872
80,16.63199
80,1.9798250000000002
80,7.809153
80,20.03209
80,6.005037000000001
80,6.555287
80,6.218757
80,29.356818
80,21.24694
80,20.549530999999998
80,1.330136
80,12.913655
80,3.9084499999999998
80,21.50263
80,1.792675
80,5.701066
80,18.912100000000002
80,1.289882
80,1.72319
80,5.180581
80,0.9842850000000001
80,2.300943
80,29.904833
80,10.093787
80,17.863974000000002
80,12.820224999999999
80,14.679730000000001
80,5.230569
80,3.445151
80,3.9084640000000004
80,6.254029
80,9.378335
80,10.081487
80,1.268049
80,1.4192600000000002
80,16.679583
80,24.800297
80,17.415622
80,6.319748
80,1.120071
80,23.118178
80,5.925933000000001
80,20.671129
80,3.9524770000000005
80,20.553838000000002
80,27.411032
80,7.860380999999999
80,24.4089
80,2.020187
80,4.74853
80,5.251174
80,3.41614
80,23.269749
80,8.75312
80,16.606998
80,23.640999
80,6.79876
80,24.951747
80,27.778892
80,19.015242
80,1.9243400000000002
80,1.095787
80,14.202443
80,29.565155
80,0.646528
80,17.140777
80,1.351634
80,9.609344
80,4.101634
80,22.759904000000002
80,2.810976
80,2.541543
80,4.676247
80,4.440495
80,0.737251
80,4.193237
80,3.953201
80,3.409325
80,13.25163
80,5.443332000000001
80,15.984073000000002
80,29.945710000000002
80,24.231772
80,1.090664
80,5.500152
80,2.555212
80,23.815752999999997
80,11.536468
80,5.619282
80,28.426626
80,28.637391
80,2.773486
80,17.296655
80,11.285425
80,2.52184
80,5.4836599999999995
80,11.513278
80,25.101614
80,4.979997
80,8.739780000000001
80,22.314041
80,8.563964
80,9.595506
80,15.279136000000001
80,0.730978
80,8.084643000000002
80,1.672361
80,11.490409
80,4.499622
80,22.969193999999998
80,4.809468
80,18.371471
80,5.031943
80,2.058766
80,2.953632
80,18.877755999999998
80,12.713189
80,26.229984
80,24.706892
80,29.274431
80,13.301651
80,4.020873
80,14.614211000000001
80,6.5244
80,6.943282
80,4.512471
80,29.983979
80,4.7552330000000005
80,2.5620439999999998
80,8.357274
80,7.6218129999999995
80,19.564645
80,24.207664
80,2.0036009999999997
80,16.499085
80,3.8828199999999997
80,4.149099
80,13.370638000000001
80,26.128174
80,0.541064
80,2.4625570000000003
80,4.487426
80,14.030018
80,1.3067339999999998
80,9.83646
80,26.458868
80,4.635395
80,16.439138
80,6.773834
80,24.398923
80,3.0163510000000002
80,4.661842
80,16.174906999999997
80,8.421055
80,15.723838
80,1.450222
80,1.623977
80,13.774667
80,18.128838000000002
80,1.921809
80,14.697527000000001
80,9.385236
80,0.306226
80,19.714723
80,3.5290310000000003
80,7.72316
80,3.2733749999999997
80,21.058210000000003
80,1.180498
80,29.438976
80,8.889401
80,22.158852
80,1.131886
80,27.292285
80,1.0488419999999998
80,22.689981000000003
80,10.799648
80,12.037493999999999
80,8.539543
80,9.886783
80,11.280415
80,1.32226
80,2.887489
80,3.752007
80,6.583384000000001
80,2.526833
80,3.186765
80,1.158433
80,1.24422
80,3.6968449999999997
80,12.546548
80,3.8680199999999996
80,3.1623609999999998
80,1.2849000000000002
80,5.581633
80,2.931596
80,5.236442
80,1.19769
80,10.649715
80,0.524208
80,4.571897
80,15.880003
80,1.163791
80,6.564872
80,12.653889
80,16.332924
80,0.282497
80,8.931535
80,5.654808
80,19.857297
80,0.402926
80,25.177127000000002
80,1.541414
80,17.984251999999998
80,14.765505
80,1.82676
80,14.276934
80,16.325468
80,27.6232
80,25.819549000000002
80,21.070783
80,26.83383
80,3.372523
80,15.247014
80,11.465226
80,2.8505689999999997
80,19.209602999999998
80,1.209254
80,3.789959
80,4.45767
80,24.432351
80,7.846054
80,29.777127
80,17.022204
80,3.079451
80,11.990135
80,6.713006
80,1.9787580000000002
80,2.4133560000000003
80,4.628076
80,4.793243
80,1.0865040000000001
80,19.771488
80,14.511179
80,2.144293
80,26.995756
80,14.699729999999999
80,8.133135
80,20.595053
80,2.074583
80,1.2138520000000002
80,3.822165
80,34.823952
80,3.331528
80,3.4306810000000003
80,27.093366
80,2.017599
80,21.318955
80,3.0687029999999997
80,1.251514
80,28.600301
80,9.009918
80,2.5442139999999998
80,2.6942630000000003
80,24.559065
80,28.250665
80,14.062221999999998
80,3.286632
80,13.120507
80,1.302174
80,0.392397
80,22.455598000000002
80,0.5821160000000001
80,10.15182
80,18.325186
80,32.168792
80,5.308533
80,1.6753200000000001
80,2.463883
80,0.6980890000000001
80,5.3048
80,27.506850999999997
80,8.408767
80,21.365154
80,16.928198
80,1.639161
80,26.246635
80,8.164909999999999
80,31.781700000000004
80,2.1776579999999996
80,4.748812
80,1.347621
80,4.244675
80,4.635286
80,12.780564
80,7.828244
80,0.244084
80,12.833047
80,25.318075999999998
80,8.384041
80,29.320797
80,13.707702000000001
80,15.879814999999999
80,4.640325
80,29.120686
80,28.126254
80,20.788375000000002
80,20.615437
80,0.6807150000000001
80,20.658936
80,14.284479
80,4.591216
80,32.339822
80,16.07486
80,1.591681
80,17.019354
80,6.393269
80,15.256044999999999
80,15.492627
80,1.441287
80,28.937896000000002
80,4.805938
80,19.083822
80,7.114053999999999
80,4.012376
80,29.645371
80,7.9745479999999995
80,26.395706
80,4.389023
80,26.795354
80,11.691277999999999
80,4.328425999999999
80,16.497975
80,19.887551
80,11.708358
80,15.847878999999999
80,5.3260440000000004
80,0.29436700000000005
80,15.043527
80,29.564626
80,3.383632
80,14.267477000000001
80,8.626571
80,9.7622
80,3.470215
80,3.968585
80,28.865067
80,24.002651
80,5.643589
80,13.073286999999999
80,0.957949
80,32.200634
80,1.023604
80,2.222254
80,6.5360879999999995
80,5.944279
80,2.547086
80,16.470662
80,32.173306
80,12.221162000000001
80,11.815919
80,25.367574
80,4.152868
80,7.553543
80,24.006034
80,23.997505
80,2.780037
80,3.763566
80,10.810037
80,8.264534000000001
80,3.718988
80,26.060463
80,12.22339
80,2.504877
80,15.271166
80,12.255067
80,8.203255
80,15.726695999999999
80,0.327753
80,3.348401
80,5.296007
80,12.316697999999999
80,29.843597
80,2.70152
80,8.166478
80,11.196911
80,14.583415
80,13.228166
80,26.844943
80,19.05517
80,1.853966
80,25.968555000000002
80,7.237065
80,18.681501
80,7.949783
80,3.833188
80,26.22398
80,3.598374
80,1.861849
80,24.203364
80,33.148664000000004
80,31.147332
80,10.184044
80,5.584175999999999
80,3.5437049999999997
80,19.173827
80,10.768064
80,3.359085
80,9.803493999999999
80,25.386771999999997
80,26.747078000000002
80,25.349144
80,26.100753
80,3.9557990000000003
80,2.8247340000000003
80,6.118632
80,10.928701
80,8.11286
80,7.585935999999999
80,0.590604
80,2.985976
80,28.70191
80,13.419742
80,12.850356
80,3.255703
80,3.4144370000000004
80,13.796826999999999
80,6.497366
80,10.93214
80,16.23341
80,2.389346
80,11.490204
80,31.212644
80,1.362812
80,1.968362
80,11.659561
80,9.532625
80,25.578030000000002
80,2.714902
80,8.330071
80,6.126017999999999
80,19.782874
80,21.148640999999998
80,15.725567
80,4.540276
80,16.274474
80,25.693655
80,2.098272
80,27.266969
80,19.300596
80,9.096419999999998
80,16.164026
80,7.596405
80,26.149812
80,10.419298000000001
80,19.05229
80,28.774563
80,8.836398
80,3.9122790000000003
80,21.435546
80,5.35593
80,4.575977999999999
80,15.801936
80,8.306681999999999
80,5.488836
80,13.652689
80,32.906033
80,7.0204200000000005
80,2.677612
80,7.797
80,23.694774
80,2.460556
80,5.735137000000001
80,12.836022000000002
80,18.172345
80,2.44896
80,4.154035
80,5.698387
80,4.643017
80,27.598843000000002
80,15.541538000000001
80,12.548259000000002
80,7.638228000000001
80,5.245235
80,8.855085
80,10.935986
80,4.519421
80,3.187339
80,15.108597
80,25.311891
80,15.844159999999999
80,21.667168
80,25.831028999999997
80,5.722791
80,18.722028
80,10.601125
80,17.729044
80,10.117696
80,2.707976
80,17.256315
80,10.369153
80,3.140054
80,1.760235
80,24.600712
80,1.682362
80,1.785326
80,26.707085
80,7.345765
80,1.643184
80,4.3943330000000005
80,1.685981
80,19.068017
80,28.987058
80,28.328170999999998
80,4.480726
80,14.059075
80,4.204174
80,0.67408
80,25.044345
80,28.702107
80,1.5185330000000001
80,8.203683999999999
80,6.552910000000001
80,26.689431
80,13.668835000000001
80,24.577844000000002
80,28.419522999999998
80,0.9949439999999999
80,1.9941300000000002
80,0.5209509999999999
80,8.149471
80,2.962519
80,3.4340629999999996
80,2.0488
80,0.49043000000000003
80,3.2426030000000003
80,3.7753259999999997
80,17.140479
80,11.997752
80,3.9736370000000005
80,28.419399000000002
80,12.890664
80,16.608442
80,20.627388
80,12.762086
80,18.755392999999998
80,1.499616
80,2.506357
80,0.887615
80,7.75743
80,14.51738
80,3.149431
80,5.852936000000001
80,2.5984480000000003
80,3.163557
80,8.814834000000001
80,28.817269
80,30.578764
80,5.221017
80,4.239192999999999
80,5.303672
80,3.9856
80,22.253646
80,8.406159
80,22.620980999999997
80,4.58885
80,3.2222790000000003
80,1.638688
80,11.024165
80,26.180126
80,2.5965200000000004
80,9.322477
80,15.583937
80,10.409598
80,3.299693
80,1.763917
80,16.793585999999998
80,9.120877
80,18.961912
80,1.160997
80,2.339622
80,4.484687999999999
80,19.649118
80,29.364781999999998
80,11.086609000000001
80,24.858399
80,24.654832000000003
80,4.2198720000000005
80,1.468643
80,26.693384000000002
80,3.858908
80,7.996467
80,21.744563000000003
80,4.228122
80,6.4247369999999995
80,9.709017000000001
80,11.434303
80,12.705859
