algo,graph_num_nodes,graph_num_edges,num_queue_pushes,num_settled,num_labels_propagated,num_labels_reset,num_nodes_searched,time_ms,path_distance,path_number_nodes,path_number_flagged_nodes,path_number_short_pauses,path_number_long_pauses
dijkstra,12547874,29477659,1576781,1645165,1780192,689,1348157,1365.883712,5997511,648,0,0,0
astar_chpot,12547874,29477659,888,648,889,0,648,12.251112999999998,5997511,648,0,0,0
dijkstra_bidir_chpot,12547874,29477659,1576781,1645165,1780192,689,1348157,329.48017699999997,5997511,648,0,0,0
astar_bidir_chpot,12547874,29477659,888,648,889,0,648,20.713977,5997511,648,0,0,0
core_ch,12547874,29477659,888,648,889,0,648,20.412338,5997511,648,0,0,0
core_ch_chpot,12547874,29477659,888,648,889,0,648,15.345116,5997511,648,0,0,0
dijkstra,12547874,29477659,15255198,17548698,18769083,3528,5443052,21386.448742,13433611,1331,0,0,0
astar_chpot,12547874,29477659,1804,1331,1822,0,1331,4.523422,13433611,1331,0,0,0
dijkstra_bidir_chpot,12547874,29477659,15255198,17548698,18769083,3528,5443052,3247.006796,13433611,1331,0,0,0
astar_bidir_chpot,12547874,29477659,1804,1331,1822,0,1331,8.446531,13433611,1331,0,0,0
core_ch,12547874,29477659,1804,1331,1822,0,1331,78.516059,13433611,1331,0,0,0
core_ch_chpot,12547874,29477659,1804,1331,1822,0,1331,11.382507,13433611,1331,0,0,0
dijkstra,12547874,29477659,50216492,62352341,67137317,8599,11265051,99436.179663,19258422,1726,2,1,0
astar_chpot,12547874,29477659,5870,4461,6145,4,4234,6.265631,19258422,1726,2,1,0
dijkstra_bidir_chpot,12547874,29477659,50216492,62352341,67137317,8599,11265051,24674.183753,19258422,1726,2,1,0
astar_bidir_chpot,12547874,29477659,5870,4461,6145,4,4234,10.831366000000001,19258422,1726,2,1,0
core_ch,12547874,29477659,5870,4461,6145,4,4234,201.431996,19258422,1726,2,1,0
core_ch_chpot,12547874,29477659,5870,4461,6145,4,4234,6.318067,19258422,1726,2,1,0
dijkstra_chpot,12547874,29477659,4,4,3,0,4,0.274717,NaN,NaN,NaN,NaN,NaN
astar_chpot,12547874,29477659,4,4,3,0,4,1.17145,NaN,NaN,NaN,NaN,NaN
dijkstra_bidir_chpot,12547874,29477659,4,4,3,0,4,1.719594,NaN,NaN,NaN,NaN,NaN
astar_bidir_chpot,12547874,29477659,4,4,3,0,4,1.418851,NaN,NaN,NaN,NaN,NaN
core_ch,12547874,29477659,4,4,3,0,4,77.25197899999999,NaN,NaN,NaN,NaN,NaN
core_ch_chpot,12547874,29477659,4,4,3,0,4,1.759269,NaN,NaN,NaN,NaN,NaN
dijkstra,12547874,29477659,35720783,42104686,45509941,6582,10880641,69790.433021,15968444,1295,0,0,0
astar_chpot,12547874,29477659,1625,1295,1632,0,1295,2.34399,15968444,1295,0,0,0
dijkstra_bidir_chpot,12547874,29477659,35720783,42104686,45509941,6582,10880641,6800.703253,15968444,1295,0,0,0
astar_bidir_chpot,12547874,29477659,1625,1295,1632,0,1295,51.984157,15968444,1295,0,0,0
core_ch,12547874,29477659,1625,1295,1632,0,1295,127.29812700000001,15968444,1295,0,0,0
core_ch_chpot,12547874,29477659,1625,1295,1632,0,1295,4.060781,15968444,1295,0,0,0
dijkstra,12547874,29477659,14950631,16258790,17637404,2423,5207719,24440.936716,15126746,1615,0,0,0
astar_chpot,12547874,29477659,2129,1615,2170,2,1615,509.183135,15126746,1615,0,0,0
dijkstra_bidir_chpot,12547874,29477659,14950631,16258790,17637404,2423,5207719,10015.063581,15126746,1615,0,0,0
astar_bidir_chpot,12547874,29477659,2129,1615,2170,2,1615,3.9707830000000004,15126746,1615,0,0,0
core_ch,12547874,29477659,2129,1615,2170,2,1615,173.662892,15126746,1615,0,0,0
core_ch_chpot,12547874,29477659,2129,1615,2170,2,1615,3.2335469999999997,15126746,1615,0,0,0
dijkstra,12547874,29477659,21652050,24791133,26916488,4191,6848278,40415.772213,15391958,1385,0,0,0
astar_chpot,12547874,29477659,1736,1391,1779,2,1391,2.5055899999999998,15391958,1385,0,0,0
dijkstra_bidir_chpot,12547874,29477659,21652050,24791133,26916488,4191,6848278,14438.304473,15391958,1385,0,0,0
astar_bidir_chpot,12547874,29477659,1736,1391,1779,2,1391,3.775554,15391958,1385,0,0,0
core_ch,12547874,29477659,1736,1391,1779,2,1391,179.414094,15391958,1385,0,0,0
core_ch_chpot,12547874,29477659,1736,1391,1779,2,1391,5.176981,15391958,1385,0,0,0
dijkstra,12547874,29477659,1718448,1894806,2051346,760,1029067,2067.209292,6988863,566,0,0,0
astar_chpot,12547874,29477659,833,566,836,0,566,1.019714,6988863,566,0,0,0
dijkstra_bidir_chpot,12547874,29477659,1718448,1894806,2051346,760,1029067,712.229242,6988863,566,0,0,0
astar_bidir_chpot,12547874,29477659,833,566,836,0,566,3.4619590000000002,6988863,566,0,0,0
core_ch,12547874,29477659,833,566,836,0,566,21.701242,6988863,566,0,0,0
core_ch_chpot,12547874,29477659,833,566,836,0,566,1.1379540000000001,6988863,566,0,0,0
dijkstra,12547874,29477659,5220918,5422393,5819025,996,2818076,7234.423905,7232322,898,0,0,0
astar_chpot,12547874,29477659,1122,898,1136,4,898,1.692118,7232322,898,0,0,0
dijkstra_bidir_chpot,12547874,29477659,5220918,5422393,5819025,996,2818076,2212.033434,7232322,898,0,0,0
astar_bidir_chpot,12547874,29477659,1122,898,1136,4,898,2.213857,7232322,898,0,0,0
core_ch,12547874,29477659,1122,898,1136,4,898,79.13139600000001,7232322,898,0,0,0
core_ch_chpot,12547874,29477659,1122,898,1136,4,898,4.7156769999999995,7232322,898,0,0,0
dijkstra_chpot,12547874,29477659,2,2,1,0,2,0.42644,NaN,NaN,NaN,NaN,NaN
astar_chpot,12547874,29477659,2,2,1,0,2,0.47933200000000004,NaN,NaN,NaN,NaN,NaN
dijkstra_bidir_chpot,12547874,29477659,2,2,1,0,2,0.373012,NaN,NaN,NaN,NaN,NaN
astar_bidir_chpot,12547874,29477659,2,2,1,0,2,1.413226,NaN,NaN,NaN,NaN,NaN
core_ch,12547874,29477659,2,2,1,0,2,84.830883,NaN,NaN,NaN,NaN,NaN
core_ch_chpot,12547874,29477659,2,2,1,0,2,1.414204,NaN,NaN,NaN,NaN,NaN
dijkstra,12547874,29477659,48676210,62568920,67241430,9106,10611126,110085.568552,20774631,1662,3,1,0
astar_chpot,12547874,29477659,5893,4627,6042,5,4181,6.40996,20774631,1662,3,1,0
dijkstra_bidir_chpot,12547874,29477659,48676210,62568920,67241430,9106,10611126,40554.337695999995,20774631,1662,3,1,0
astar_bidir_chpot,12547874,29477659,5893,4627,6042,5,4181,15.67128,20774631,1662,3,1,0
core_ch,12547874,29477659,5893,4627,6042,5,4181,309.47941099999997,20774631,1662,3,1,0
core_ch_chpot,12547874,29477659,5893,4627,6042,5,4181,4.750526,20774631,1662,3,1,0
dijkstra,12547874,29477659,2481274,2467787,2686095,649,1936934,3214.886439,6082836,684,0,0,0
astar_chpot,12547874,29477659,889,684,900,0,684,1.789587,6082836,684,0,0,0
dijkstra_bidir_chpot,12547874,29477659,2481274,2467787,2686095,649,1936934,1156.5428980000002,6082836,684,0,0,0
astar_bidir_chpot,12547874,29477659,889,684,900,0,684,14.795199,6082836,684,0,0,0
core_ch,12547874,29477659,889,684,900,0,684,33.803464,6082836,684,0,0,0
core_ch_chpot,12547874,29477659,889,684,900,0,684,5.019457,6082836,684,0,0,0
dijkstra,12547874,29477659,239364,232146,256134,46,232146,255.324681,3278849,371,0,0,0
astar_chpot,12547874,29477659,536,371,542,0,371,0.797581,3278849,371,0,0,0
dijkstra_bidir_chpot,12547874,29477659,239364,232146,256134,46,232146,173.157637,3278849,371,0,0,0
astar_bidir_chpot,12547874,29477659,536,371,542,0,371,4.314972,3278849,371,0,0,0
core_ch,12547874,29477659,536,371,542,0,371,10.438946,3278849,371,0,0,0
core_ch_chpot,12547874,29477659,536,371,542,0,371,2.69929,3278849,371,0,0,0
dijkstra,12547874,29477659,2336963,2415817,2618393,685,1699430,3164.0707199999997,5630612,682,0,0,0
astar_chpot,12547874,29477659,834,682,837,0,682,1.172096,5630612,682,0,0,0
dijkstra_bidir_chpot,12547874,29477659,2336963,2415817,2618393,685,1699430,1356.5245610000002,5630612,682,0,0,0
astar_bidir_chpot,12547874,29477659,834,682,837,0,682,11.536766,5630612,682,0,0,0
core_ch,12547874,29477659,834,682,837,0,682,35.151067,5630612,682,0,0,0
core_ch_chpot,12547874,29477659,834,682,837,0,682,1.834764,5630612,682,0,0,0
dijkstra,12547874,29477659,727838,723187,772950,74,723187,797.8792129999999,3953100,506,0,0,0
astar_chpot,12547874,29477659,724,506,731,0,506,0.9847790000000001,3953100,506,0,0,0
dijkstra_bidir_chpot,12547874,29477659,727838,723187,772950,74,723187,282.153066,3953100,506,0,0,0
astar_bidir_chpot,12547874,29477659,724,506,731,0,506,2.8702419999999997,3953100,506,0,0,0
core_ch,12547874,29477659,724,506,731,0,506,10.161381,3953100,506,0,0,0
core_ch_chpot,12547874,29477659,724,506,731,0,506,1.828962,3953100,506,0,0,0
dijkstra,12547874,29477659,5579277,6026333,6581810,1579,3256292,8966.000847,9571699,946,0,0,0
astar_chpot,12547874,29477659,1244,946,1253,0,946,1.6853770000000001,9571699,946,0,0,0
dijkstra_bidir_chpot,12547874,29477659,5579277,6026333,6581810,1579,3256292,3143.1982359999997,9571699,946,0,0,0
astar_bidir_chpot,12547874,29477659,1244,946,1253,0,946,39.837320000000005,9571699,946,0,0,0
core_ch,12547874,29477659,1244,946,1253,0,946,128.38370700000002,9571699,946,0,0,0
core_ch_chpot,12547874,29477659,1244,946,1253,0,946,4.00185,9571699,946,0,0,0
dijkstra,12547874,29477659,1687964,1689989,1801011,417,1520380,1844.574552,4675826,395,0,0,0
astar_chpot,12547874,29477659,473,395,473,0,395,0.880767,4675826,395,0,0,0
dijkstra_bidir_chpot,12547874,29477659,1687964,1689989,1801011,417,1520380,807.195827,4675826,395,0,0,0
astar_bidir_chpot,12547874,29477659,473,395,473,0,395,16.237936,4675826,395,0,0,0
core_ch,12547874,29477659,473,395,473,0,395,21.611430000000002,4675826,395,0,0,0
core_ch_chpot,12547874,29477659,473,395,473,0,395,1.336144,4675826,395,0,0,0
dijkstra,12547874,29477659,18132216,20332491,21986125,3928,5909984,32293.748059,14371833,1567,0,0,0
astar_chpot,12547874,29477659,1985,1567,1996,1,1567,3.52957,14371833,1567,0,0,0
dijkstra_bidir_chpot,12547874,29477659,18132216,20332491,21986125,3928,5909984,6017.196608,14371833,1567,0,0,0
astar_bidir_chpot,12547874,29477659,1985,1567,1996,1,1567,50.702740000000006,14371833,1567,0,0,0
core_ch,12547874,29477659,1985,1567,1996,1,1567,176.691027,14371833,1567,0,0,0
core_ch_chpot,12547874,29477659,1985,1567,1996,1,1567,5.98888,14371833,1567,0,0,0
dijkstra,12547874,29477659,51272257,66436922,71489213,8626,11176502,120631.926234,19198480,1793,6,1,0
astar_chpot,12547874,29477659,6172,5348,6299,7,3972,5.453526,19198480,1793,6,1,0
dijkstra_bidir_chpot,12547874,29477659,51272257,66436922,71489213,8626,11176502,23382.944206,19198480,1793,6,1,0
astar_bidir_chpot,12547874,29477659,6172,5348,6299,7,3972,11.779409,19198480,1793,6,1,0
core_ch,12547874,29477659,6172,5348,6299,7,3972,240.160376,19198480,1793,6,1,0
core_ch_chpot,12547874,29477659,6172,5348,6299,7,3972,4.290083,19198480,1793,6,1,0
dijkstra,12547874,29477659,1521296,1511009,1652582,246,1305464,2486.443929,6182520,697,0,0,0
astar_chpot,12547874,29477659,933,697,968,0,697,1.656158,6182520,697,0,0,0
dijkstra_bidir_chpot,12547874,29477659,1521296,1511009,1652582,246,1305464,1041.760993,6182520,697,0,0,0
astar_bidir_chpot,12547874,29477659,933,697,968,0,697,15.765876000000002,6182520,697,0,0,0
core_ch,12547874,29477659,933,697,968,0,697,42.796397999999996,6182520,697,0,0,0
core_ch_chpot,12547874,29477659,933,697,968,0,697,3.4925170000000003,6182520,697,0,0,0
dijkstra,12547874,29477659,9749556,11681181,12538849,2356,3623479,19503.015641,13925016,1206,0,0,0
astar_chpot,12547874,29477659,1548,1206,1548,0,1206,2.071726,13925016,1206,0,0,0
dijkstra_bidir_chpot,12547874,29477659,9749556,11681181,12538849,2356,3623479,4340.407398,13925016,1206,0,0,0
astar_bidir_chpot,12547874,29477659,1548,1206,1548,0,1206,69.45881399999999,13925016,1206,0,0,0
core_ch,12547874,29477659,1548,1206,1548,0,1206,114.931969,13925016,1206,0,0,0
core_ch_chpot,12547874,29477659,1548,1206,1548,0,1206,3.232104,13925016,1206,0,0,0
dijkstra_chpot,12547874,29477659,2,2,1,0,2,0.355774,NaN,NaN,NaN,NaN,NaN
astar_chpot,12547874,29477659,2,2,1,0,2,0.19159,NaN,NaN,NaN,NaN,NaN
dijkstra_bidir_chpot,12547874,29477659,2,2,1,0,2,0.625578,NaN,NaN,NaN,NaN,NaN
astar_bidir_chpot,12547874,29477659,2,2,1,0,2,0.508572,NaN,NaN,NaN,NaN,NaN
core_ch,12547874,29477659,2,2,1,0,2,163.436435,NaN,NaN,NaN,NaN,NaN
core_ch_chpot,12547874,29477659,2,2,1,0,2,0.49332300000000007,NaN,NaN,NaN,NaN,NaN
dijkstra,12547874,29477659,11729539,14193869,15231273,2989,3784166,23458.698912,13473845,1136,0,0,0
astar_chpot,12547874,29477659,1334,1136,1336,0,1136,1.9956269999999998,13473845,1136,0,0,0
dijkstra_bidir_chpot,12547874,29477659,11729539,14193869,15231273,2989,3784166,6914.484293,13473845,1136,0,0,0
astar_bidir_chpot,12547874,29477659,1334,1136,1336,0,1136,3.084282,13473845,1136,0,0,0
core_ch,12547874,29477659,1334,1136,1336,0,1136,171.85804900000002,13473845,1136,0,0,0
core_ch_chpot,12547874,29477659,1334,1136,1336,0,1136,4.139027,13473845,1136,0,0,0
dijkstra,12547874,29477659,22774744,27007511,29255682,4800,8361017,48579.490075,16048452,1856,0,0,0
astar_chpot,12547874,29477659,2289,1856,2299,0,1856,2.382393,16048452,1856,0,0,0
dijkstra_bidir_chpot,12547874,29477659,22774744,27007511,29255682,4800,8361017,14089.718308,16048452,1856,0,0,0
astar_bidir_chpot,12547874,29477659,2289,1856,2299,0,1856,3.408932,16048452,1856,0,0,0
core_ch,12547874,29477659,2289,1856,2299,0,1856,227.412205,16048452,1856,0,0,0
core_ch_chpot,12547874,29477659,2289,1856,2299,0,1856,2.329046,16048452,1856,0,0,0
dijkstra,12547874,29477659,43365038,56337413,60766780,11764,9148941,104258.341235,24535534,1826,2,1,0
astar_chpot,12547874,29477659,6446,5324,6630,41,4881,6.536492,24535534,1826,2,1,0
dijkstra_bidir_chpot,12547874,29477659,43365038,56337413,60766780,11764,9148941,53515.716218999994,24535534,1826,2,1,0
astar_bidir_chpot,12547874,29477659,6446,5324,6630,41,4881,14.385985,24535534,1826,2,1,0
core_ch,12547874,29477659,6446,5324,6630,41,4881,557.9559889999999,24535534,1826,2,1,0
core_ch_chpot,12547874,29477659,6446,5324,6630,41,4881,5.906922,24535534,1826,2,1,0
dijkstra,12547874,29477659,663975,663478,719199,220,659979,1060.041476,5104581,709,0,0,0
astar_chpot,12547874,29477659,1158,709,1175,0,709,1.4815749999999999,5104581,709,0,0,0
dijkstra_bidir_chpot,12547874,29477659,663975,663478,719199,220,659979,408.17408,5104581,709,0,0,0
astar_bidir_chpot,12547874,29477659,1158,709,1175,0,709,5.5802760000000005,5104581,709,0,0,0
core_ch,12547874,29477659,1158,709,1175,0,709,25.893659,5104581,709,0,0,0
core_ch_chpot,12547874,29477659,1158,709,1175,0,709,4.141316,5104581,709,0,0,0
dijkstra,12547874,29477659,37698540,48913266,52676393,9096,10571188,90202.152813,23279316,1624,1,1,0
astar_chpot,12547874,29477659,5326,4153,5427,1,3750,5.619729,23279316,1624,1,1,0
dijkstra_bidir_chpot,12547874,29477659,37698540,48913266,52676393,9096,10571188,13256.661005,23279316,1624,1,1,0
astar_bidir_chpot,12547874,29477659,5326,4153,5427,1,3750,15.767837,23279316,1624,1,1,0
core_ch,12547874,29477659,5326,4153,5427,1,3750,467.467203,23279316,1624,1,1,0
core_ch_chpot,12547874,29477659,5326,4153,5427,1,3750,4.634556,23279316,1624,1,1,0
dijkstra,12547874,29477659,34925842,43815458,47064301,6519,8402829,80720.209399,20499931,1714,1,1,0
astar_chpot,12547874,29477659,3379,2845,3510,2,2728,3.849599,20499931,1714,1,1,0
dijkstra_bidir_chpot,12547874,29477659,34925842,43815458,47064301,6519,8402829,25639.096786,20499931,1714,1,1,0
astar_bidir_chpot,12547874,29477659,3379,2845,3510,2,2728,12.663613,20499931,1714,1,1,0
core_ch,12547874,29477659,3379,2845,3510,2,2728,311.927393,20499931,1714,1,1,0
core_ch_chpot,12547874,29477659,3379,2845,3510,2,2728,5.924459,20499931,1714,1,1,0
dijkstra,12547874,29477659,24962274,29228545,31636568,4887,8523284,53178.064333999995,14063410,1141,0,0,0
astar_chpot,12547874,29477659,1410,1141,1415,0,1141,2.1976999999999998,14063410,1141,0,0,0
dijkstra_bidir_chpot,12547874,29477659,24962274,29228545,31636568,4887,8523284,6250.803948,14063410,1141,0,0,0
astar_bidir_chpot,12547874,29477659,1410,1141,1415,0,1141,102.747514,14063410,1141,0,0,0
core_ch,12547874,29477659,1410,1141,1415,0,1141,153.347124,14063410,1141,0,0,0
core_ch_chpot,12547874,29477659,1410,1141,1415,0,1141,3.387415,14063410,1141,0,0,0
dijkstra,12547874,29477659,6960802,7555438,8287700,2138,3183841,13228.480365,8316273,740,0,0,0
astar_chpot,12547874,29477659,886,740,888,0,740,1.414979,8316273,740,0,0,0
dijkstra_bidir_chpot,12547874,29477659,6960802,7555438,8287700,2138,3183841,2246.4474280000004,8316273,740,0,0,0
astar_bidir_chpot,12547874,29477659,886,740,888,0,740,66.416903,8316273,740,0,0,0
core_ch,12547874,29477659,886,740,888,0,740,135.30252000000002,8316273,740,0,0,0
core_ch_chpot,12547874,29477659,886,740,888,0,740,4.059574,8316273,740,0,0,0
dijkstra,12547874,29477659,12837809,14176903,15285981,2308,4473152,23763.252054999997,11100787,1091,0,0,0
astar_chpot,12547874,29477659,1312,1091,1312,0,1091,1.9167260000000002,11100787,1091,0,0,0
dijkstra_bidir_chpot,12547874,29477659,12837809,14176903,15285981,2308,4473152,5749.836505,11100787,1091,0,0,0
astar_bidir_chpot,12547874,29477659,1312,1091,1312,0,1091,24.767646,11100787,1091,0,0,0
core_ch,12547874,29477659,1312,1091,1312,0,1091,179.498665,11100787,1091,0,0,0
core_ch_chpot,12547874,29477659,1312,1091,1312,0,1091,3.2169350000000003,11100787,1091,0,0,0
dijkstra,12547874,29477659,26717371,31807566,34530721,5385,8171234,59903.603907,11896814,1205,0,0,0
astar_chpot,12547874,29477659,1392,1205,1393,0,1205,1.9935539999999998,11896814,1205,0,0,0
dijkstra_bidir_chpot,12547874,29477659,26717371,31807566,34530721,5385,8171234,8585.409237,11896814,1205,0,0,0
astar_bidir_chpot,12547874,29477659,1392,1205,1393,0,1205,10.033966999999999,11896814,1205,0,0,0
core_ch,12547874,29477659,1392,1205,1393,0,1205,218.434725,11896814,1205,0,0,0
core_ch_chpot,12547874,29477659,1392,1205,1393,0,1205,8.780926999999998,11896814,1205,0,0,0
dijkstra,12547874,29477659,3705466,4075903,4508477,1177,2449684,7539.577354,6716637,826,0,0,0
astar_chpot,12547874,29477659,1016,826,1026,1,826,1.519596,6716637,826,0,0,0
dijkstra_bidir_chpot,12547874,29477659,3705466,4075903,4508477,1177,2449684,1018.7129960000001,6716637,826,0,0,0
astar_bidir_chpot,12547874,29477659,1016,826,1026,1,826,3.674625,6716637,826,0,0,0
core_ch,12547874,29477659,1016,826,1026,1,826,94.95872399999999,6716637,826,0,0,0
core_ch_chpot,12547874,29477659,1016,826,1026,1,826,1.54124,6716637,826,0,0,0
dijkstra,12547874,29477659,15603642,19728513,21536389,3664,5317740,36697.492422,11330682,1273,0,0,0
astar_chpot,12547874,29477659,1621,1273,1642,6,1273,2.129547,11330682,1273,0,0,0
dijkstra_bidir_chpot,12547874,29477659,15603642,19728513,21536389,3664,5317740,4764.625258,11330682,1273,0,0,0
astar_bidir_chpot,12547874,29477659,1621,1273,1642,6,1273,8.212845999999999,11330682,1273,0,0,0
core_ch,12547874,29477659,1621,1273,1642,6,1273,182.490759,11330682,1273,0,0,0
core_ch_chpot,12547874,29477659,1621,1273,1642,6,1273,4.748337,11330682,1273,0,0,0
dijkstra,12547874,29477659,183628,181893,196531,165,181893,220.845787,3436970,369,0,0,0
astar_chpot,12547874,29477659,579,369,583,1,369,1.506407,3436970,369,0,0,0
dijkstra_bidir_chpot,12547874,29477659,183628,181893,196531,165,181893,151.388901,3436970,369,0,0,0
astar_bidir_chpot,12547874,29477659,579,369,583,1,369,2.9554400000000003,3436970,369,0,0,0
core_ch,12547874,29477659,579,369,583,1,369,11.008596,3436970,369,0,0,0
core_ch_chpot,12547874,29477659,579,369,583,1,369,1.329771,3436970,369,0,0,0
dijkstra,12547874,29477659,2574364,2631429,2866824,719,2096231,4168.220457,6172374,762,0,0,0
astar_chpot,12547874,29477659,1015,766,1022,2,766,1.35727,6172374,762,0,0,0
dijkstra_bidir_chpot,12547874,29477659,2574364,2631429,2866824,719,2096231,1109.966077,6172374,762,0,0,0
astar_bidir_chpot,12547874,29477659,1015,766,1022,2,766,13.96212,6172374,762,0,0,0
core_ch,12547874,29477659,1015,766,1022,2,766,53.192385,6172374,762,0,0,0
core_ch_chpot,12547874,29477659,1015,766,1022,2,766,2.1683079999999997,6172374,762,0,0,0
dijkstra,12547874,29477659,26610871,30776358,33370016,4782,7727038,57222.004304,13775096,1313,0,0,0
astar_chpot,12547874,29477659,1517,1313,1528,2,1313,1.92885,13775096,1313,0,0,0
dijkstra_bidir_chpot,12547874,29477659,26610871,30776358,33370016,4782,7727038,13594.025247,13775096,1313,0,0,0
astar_bidir_chpot,12547874,29477659,1517,1313,1528,2,1313,5.99837,13775096,1313,0,0,0
core_ch,12547874,29477659,1517,1313,1528,2,1313,308.524307,13775096,1313,0,0,0
core_ch_chpot,12547874,29477659,1517,1313,1528,2,1313,3.172797,13775096,1313,0,0,0
dijkstra,12547874,29477659,10107228,10682168,11662459,2096,5078287,20503.757302,9018627,1078,0,0,0
astar_chpot,12547874,29477659,1369,1078,1443,0,1078,1.886392,9018627,1078,0,0,0
dijkstra_bidir_chpot,12547874,29477659,10107228,10682168,11662459,2096,5078287,1626.979752,9018627,1078,0,0,0
astar_bidir_chpot,12547874,29477659,1369,1078,1443,0,1078,7.153691,9018627,1078,0,0,0
core_ch,12547874,29477659,1369,1078,1443,0,1078,75.707236,9018627,1078,0,0,0
core_ch_chpot,12547874,29477659,1369,1078,1443,0,1078,1.885395,9018627,1078,0,0,0
dijkstra,12547874,29477659,6359755,6638104,7282071,1667,3792213,10551.453334,7751939,789,0,0,0
astar_chpot,12547874,29477659,1046,789,1058,1,789,1.3916270000000002,7751939,789,0,0,0
dijkstra_bidir_chpot,12547874,29477659,6359755,6638104,7282071,1667,3792213,1632.901861,7751939,789,0,0,0
astar_bidir_chpot,12547874,29477659,1046,789,1058,1,789,9.551709,7751939,789,0,0,0
core_ch,12547874,29477659,1046,789,1058,1,789,111.457163,7751939,789,0,0,0
core_ch_chpot,12547874,29477659,1046,789,1058,1,789,5.017207,7751939,789,0,0,0
dijkstra,12547874,29477659,27646432,33273500,36131326,5468,8386055,61315.504224000004,12334301,1292,0,0,0
astar_chpot,12547874,29477659,1559,1299,1581,8,1299,1.8129190000000002,12334301,1292,0,0,0
dijkstra_bidir_chpot,12547874,29477659,27646432,33273500,36131326,5468,8386055,13053.68863,12334301,1292,0,0,0
astar_bidir_chpot,12547874,29477659,1559,1299,1581,8,1299,6.30777,12334301,1292,0,0,0
core_ch,12547874,29477659,1559,1299,1581,8,1299,233.888331,12334301,1292,0,0,0
core_ch_chpot,12547874,29477659,1559,1299,1581,8,1299,3.507943,12334301,1292,0,0,0
dijkstra,12547874,29477659,52992639,73252851,79025177,13810,11016167,140408.44683200002,26551397,2204,1,1,0
astar_chpot,12547874,29477659,4509,3927,4606,6,3272,4.496916,26551397,2204,1,1,0
dijkstra_bidir_chpot,12547874,29477659,52992639,73252851,79025177,13810,11016167,57275.648539,26551397,2204,1,1,0
astar_bidir_chpot,12547874,29477659,4509,3927,4606,6,3272,8.216586,26551397,2204,1,1,0
core_ch,12547874,29477659,4509,3927,4606,6,3272,518.839465,26551397,2204,1,1,0
core_ch_chpot,12547874,29477659,4509,3927,4606,6,3272,6.399508,26551397,2204,1,1,0
dijkstra,12547874,29477659,26146460,30433630,33174836,5187,8073206,60744.888084000006,12484184,1275,0,0,0
astar_chpot,12547874,29477659,1550,1275,1562,1,1275,1.9870970000000001,12484184,1275,0,0,0
dijkstra_bidir_chpot,12547874,29477659,26146460,30433630,33174836,5187,8073206,7513.524274,12484184,1275,0,0,0
astar_bidir_chpot,12547874,29477659,1550,1275,1562,1,1275,92.20434,12484184,1275,0,0,0
core_ch,12547874,29477659,1550,1275,1562,1,1275,211.27806099999998,12484184,1275,0,0,0
core_ch_chpot,12547874,29477659,1550,1275,1562,1,1275,4.703295,12484184,1275,0,0,0
dijkstra,12547874,29477659,44412134,67389602,72847942,10428,9414335,132000.147269,23999587,1946,1,1,0
astar_chpot,12547874,29477659,4882,4112,5019,8,3757,4.98463,23999587,1946,1,1,0
dijkstra_bidir_chpot,12547874,29477659,44412134,67389602,72847942,10428,9414335,43984.403045,23999587,1946,1,1,0
astar_bidir_chpot,12547874,29477659,4882,4112,5019,8,3757,11.291993999999999,23999587,1946,1,1,0
core_ch,12547874,29477659,4882,4112,5019,8,3757,426.811065,23999587,1946,1,1,0
core_ch_chpot,12547874,29477659,4882,4112,5019,8,3757,6.043246000000001,23999587,1946,1,1,0
dijkstra,12547874,29477659,17494728,22461588,24525918,3928,5328250,44450.018464,15620541,1571,0,0,0
astar_chpot,12547874,29477659,2002,1571,2039,7,1571,2.4947519999999996,15620541,1571,0,0,0
dijkstra_bidir_chpot,12547874,29477659,17494728,22461588,24525918,3928,5328250,7066.708116,15620541,1571,0,0,0
astar_bidir_chpot,12547874,29477659,2002,1571,2039,7,1571,8.3771,15620541,1571,0,0,0
core_ch,12547874,29477659,2002,1571,2039,7,1571,232.96941500000003,15620541,1571,0,0,0
core_ch_chpot,12547874,29477659,2002,1571,2039,7,1571,4.3038620000000005,15620541,1571,0,0,0
dijkstra,12547874,29477659,16007065,19287422,20839997,3345,5416814,34091.120671,11010716,969,0,0,0
astar_chpot,12547874,29477659,1167,980,1169,0,980,1.306843,11010716,969,0,0,0
dijkstra_bidir_chpot,12547874,29477659,16007065,19287422,20839997,3345,5416814,3715.418497,11010716,969,0,0,0
astar_bidir_chpot,12547874,29477659,1167,980,1169,0,980,40.620439000000005,11010716,969,0,0,0
core_ch,12547874,29477659,1167,980,1169,0,980,112.530879,11010716,969,0,0,0
core_ch_chpot,12547874,29477659,1167,980,1169,0,980,2.452161,11010716,969,0,0,0
dijkstra,12547874,29477659,10201847,10822763,11580452,2062,4063478,17128.438423,9970391,1045,0,0,0
astar_chpot,12547874,29477659,1270,1045,1280,0,1045,1.5801420000000002,9970391,1045,0,0,0
dijkstra_bidir_chpot,12547874,29477659,10201847,10822763,11580452,2062,4063478,5577.815558,9970391,1045,0,0,0
astar_bidir_chpot,12547874,29477659,1270,1045,1280,0,1045,128.051321,9970391,1045,0,0,0
core_ch,12547874,29477659,1270,1045,1280,0,1045,144.155903,9970391,1045,0,0,0
core_ch_chpot,12547874,29477659,1270,1045,1280,0,1045,3.4844670000000004,9970391,1045,0,0,0
dijkstra,12547874,29477659,1219852,1221822,1318368,287,1094060,1543.3190670000001,4937290,523,0,0,0
astar_chpot,12547874,29477659,657,523,659,0,523,0.8620490000000001,4937290,523,0,0,0
dijkstra_bidir_chpot,12547874,29477659,1219852,1221822,1318368,287,1094060,1212.452548,4937290,523,0,0,0
astar_bidir_chpot,12547874,29477659,657,523,659,0,523,40.961538,4937290,523,0,0,0
core_ch,12547874,29477659,657,523,659,0,523,29.103435,4937290,523,0,0,0
core_ch_chpot,12547874,29477659,657,523,659,0,523,2.370082,4937290,523,0,0,0
dijkstra,12547874,29477659,27699219,33083048,35903061,5507,8489711,61616.703203,12126159,1226,0,0,0
astar_chpot,12547874,29477659,1532,1226,1536,1,1226,1.790953,12126159,1226,0,0,0
dijkstra_bidir_chpot,12547874,29477659,27699219,33083048,35903061,5507,8489711,6277.353585,12126159,1226,0,0,0
astar_bidir_chpot,12547874,29477659,1532,1226,1536,1,1226,5.83249,12126159,1226,0,0,0
core_ch,12547874,29477659,1532,1226,1536,1,1226,336.890179,12126159,1226,0,0,0
core_ch_chpot,12547874,29477659,1532,1226,1536,1,1226,8.046184,12126159,1226,0,0,0
dijkstra,12547874,29477659,45008202,56132628,60580520,7720,10163293,109566.653042,19323262,1765,1,1,0
astar_chpot,12547874,29477659,7086,5691,7225,4,4995,7.0314440000000005,19323262,1765,1,1,0
dijkstra_bidir_chpot,12547874,29477659,45008202,56132628,60580520,7720,10163293,37535.19092,19323262,1765,1,1,0
astar_bidir_chpot,12547874,29477659,7086,5691,7225,4,4995,17.122235999999997,19323262,1765,1,1,0
core_ch,12547874,29477659,7086,5691,7225,4,4995,324.404202,19323262,1765,1,1,0
core_ch_chpot,12547874,29477659,7086,5691,7225,4,4995,6.7149,19323262,1765,1,1,0
dijkstra,12547874,29477659,547325,542257,593874,207,542257,872.175356,4204372,357,0,0,0
astar_chpot,12547874,29477659,548,357,558,1,357,0.853251,4204372,357,0,0,0
dijkstra_bidir_chpot,12547874,29477659,547325,542257,593874,207,542257,105.699442,4204372,357,0,0,0
astar_bidir_chpot,12547874,29477659,548,357,558,1,357,6.1138140000000005,4204372,357,0,0,0
core_ch,12547874,29477659,548,357,558,1,357,25.968093,4204372,357,0,0,0
core_ch_chpot,12547874,29477659,548,357,558,1,357,5.820335,4204372,357,0,0,0
dijkstra,12547874,29477659,2088615,2134971,2327374,520,1448380,4077.7589279999997,7290748,894,0,0,0
astar_chpot,12547874,29477659,1149,894,1151,0,894,1.424207,7290748,894,0,0,0
dijkstra_bidir_chpot,12547874,29477659,2088615,2134971,2327374,520,1448380,1016.230092,7290748,894,0,0,0
astar_bidir_chpot,12547874,29477659,1149,894,1151,0,894,4.097138999999999,7290748,894,0,0,0
core_ch,12547874,29477659,1149,894,1151,0,894,49.066382999999995,7290748,894,0,0,0
core_ch_chpot,12547874,29477659,1149,894,1151,0,894,1.0471879999999998,7290748,894,0,0,0
dijkstra,12547874,29477659,20629544,23847934,25886817,3912,6431572,43614.235785,15922165,1870,0,0,0
astar_chpot,12547874,29477659,2317,1870,2331,2,1870,2.547968,15922165,1870,0,0,0
dijkstra_bidir_chpot,12547874,29477659,20629544,23847934,25886817,3912,6431572,10931.259223,15922165,1870,0,0,0
astar_bidir_chpot,12547874,29477659,2317,1870,2331,2,1870,3.453803,15922165,1870,0,0,0
core_ch,12547874,29477659,2317,1870,2331,2,1870,197.034495,15922165,1870,0,0,0
core_ch_chpot,12547874,29477659,2317,1870,2331,2,1870,2.7377909999999996,15922165,1870,0,0,0
dijkstra,12547874,29477659,34830039,42006336,45497002,6228,9444078,80918.064894,16003529,1357,0,0,0
astar_chpot,12547874,29477659,1555,1363,1564,1,1363,1.847015,16003529,1357,0,0,0
dijkstra_bidir_chpot,12547874,29477659,34830039,42006336,45497002,6228,9444078,21190.572463,16003529,1357,0,0,0
astar_bidir_chpot,12547874,29477659,1555,1363,1564,1,1363,4.338255,16003529,1357,0,0,0
core_ch,12547874,29477659,1555,1363,1564,1,1363,267.745238,16003529,1357,0,0,0
core_ch_chpot,12547874,29477659,1555,1363,1564,1,1363,3.165746,16003529,1357,0,0,0
dijkstra,12547874,29477659,41972248,52046019,56084473,7138,9798638,97348.532739,20285107,1785,6,1,0
astar_chpot,12547874,29477659,6119,5014,6268,9,4183,5.755752,20285107,1785,6,1,0
dijkstra_bidir_chpot,12547874,29477659,41972248,52046019,56084473,7138,9798638,34460.823613,20285107,1785,6,1,0
astar_bidir_chpot,12547874,29477659,6119,5014,6268,9,4183,13.479701,20285107,1785,6,1,0
core_ch,12547874,29477659,6119,5014,6268,9,4183,339.325931,20285107,1785,6,1,0
core_ch_chpot,12547874,29477659,6119,5014,6268,9,4183,4.953398,20285107,1785,6,1,0
dijkstra,12547874,29477659,816332,801933,881000,176,800398,1404.934472,4839225,768,0,0,0
astar_chpot,12547874,29477659,1292,768,1304,0,768,1.674515,4839225,768,0,0,0
dijkstra_bidir_chpot,12547874,29477659,816332,801933,881000,176,800398,300.898755,4839225,768,0,0,0
astar_bidir_chpot,12547874,29477659,1292,768,1304,0,768,6.670518,4839225,768,0,0,0
core_ch,12547874,29477659,1292,768,1304,0,768,37.326552,4839225,768,0,0,0
core_ch_chpot,12547874,29477659,1292,768,1304,0,768,5.144528,4839225,768,0,0,0
dijkstra,12547874,29477659,48080507,60607464,65334125,7946,10662839,118087.833406,19277209,1751,1,1,0
astar_chpot,12547874,29477659,6290,5018,6534,3,3960,6.08109,19277209,1751,1,1,0
dijkstra_bidir_chpot,12547874,29477659,48080507,60607464,65334125,7946,10662839,37901.428874,19277209,1751,1,1,0
astar_bidir_chpot,12547874,29477659,6290,5018,6534,3,3960,13.821121,19277209,1751,1,1,0
core_ch,12547874,29477659,6290,5018,6534,3,3960,318.828787,19277209,1751,1,1,0
core_ch_chpot,12547874,29477659,6290,5018,6534,3,3960,7.494161,19277209,1751,1,1,0
dijkstra,12547874,29477659,8381207,8779472,9525239,1281,3603053,15483.44331,9126559,869,0,0,0
astar_chpot,12547874,29477659,1052,869,1077,1,869,1.627928,9126559,869,0,0,0
dijkstra_bidir_chpot,12547874,29477659,8381207,8779472,9525239,1281,3603053,3377.787662,9126559,869,0,0,0
astar_bidir_chpot,12547874,29477659,1052,869,1077,1,869,2.3916459999999997,9126559,869,0,0,0
core_ch,12547874,29477659,1052,869,1077,1,869,82.838182,9126559,869,0,0,0
core_ch_chpot,12547874,29477659,1052,869,1077,1,869,2.0560259999999997,9126559,869,0,0,0
dijkstra,12547874,29477659,17023328,18889594,20677588,3746,6419429,37558.131238999995,10491347,1036,0,0,0
astar_chpot,12547874,29477659,1242,1036,1249,1,1036,1.4918550000000002,10491347,1036,0,0,0
dijkstra_bidir_chpot,12547874,29477659,17023328,18889594,20677588,3746,6419429,3681.942831,10491347,1036,0,0,0
astar_bidir_chpot,12547874,29477659,1242,1036,1249,1,1036,66.068587,10491347,1036,0,0,0
core_ch,12547874,29477659,1242,1036,1249,1,1036,151.98324699999998,10491347,1036,0,0,0
core_ch_chpot,12547874,29477659,1242,1036,1249,1,1036,3.521407,10491347,1036,0,0,0
dijkstra,12547874,29477659,15212038,17130555,18534908,3249,5546429,31790.237569999998,11942681,1157,0,0,0
astar_chpot,12547874,29477659,1430,1171,1431,0,1171,2.00415,11942681,1157,0,0,0
dijkstra_bidir_chpot,12547874,29477659,15212038,17130555,18534908,3249,5546429,6007.732635,11942681,1157,0,0,0
astar_bidir_chpot,12547874,29477659,1430,1171,1431,0,1171,2.910961,11942681,1157,0,0,0
core_ch,12547874,29477659,1430,1171,1431,0,1171,126.187309,11942681,1157,0,0,0
core_ch_chpot,12547874,29477659,1430,1171,1431,0,1171,2.6566340000000004,11942681,1157,0,0,0
dijkstra,12547874,29477659,21451959,24938841,26744612,4551,6788891,45337.112785000005,12493998,1123,0,0,0
astar_chpot,12547874,29477659,1343,1123,1347,1,1123,1.7130940000000001,12493998,1123,0,0,0
dijkstra_bidir_chpot,12547874,29477659,21451959,24938841,26744612,4551,6788891,9445.317373,12493998,1123,0,0,0
astar_bidir_chpot,12547874,29477659,1343,1123,1347,1,1123,6.8702939999999995,12493998,1123,0,0,0
core_ch,12547874,29477659,1343,1123,1347,1,1123,231.846842,12493998,1123,0,0,0
core_ch_chpot,12547874,29477659,1343,1123,1347,1,1123,6.550556,12493998,1123,0,0,0
dijkstra,12547874,29477659,52395144,71056045,76609313,12771,11032270,132837.87053699998,26314897,2010,2,1,0
astar_chpot,12547874,29477659,13896,10977,14379,8,10930,14.515165,26314897,2010,2,1,0
dijkstra_bidir_chpot,12547874,29477659,52395144,71056045,76609313,12771,11032270,45346.39411,26314897,2010,2,1,0
astar_bidir_chpot,12547874,29477659,13896,10977,14379,8,10930,23.878943,26314897,2010,2,1,0
core_ch,12547874,29477659,13896,10977,14379,8,10930,531.807202,26314897,2010,2,1,0
core_ch_chpot,12547874,29477659,13896,10977,14379,8,10930,7.01667,26314897,2010,2,1,0
dijkstra,12547874,29477659,11971290,12816846,13754360,2352,4540384,23281.996997000002,10494388,1006,0,0,0
astar_chpot,12547874,29477659,1225,1006,1230,1,1006,2.0144379999999997,10494388,1006,0,0,0
dijkstra_bidir_chpot,12547874,29477659,11971290,12816846,13754360,2352,4540384,3575.4951039999996,10494388,1006,0,0,0
astar_bidir_chpot,12547874,29477659,1225,1006,1230,1,1006,3.1690329999999998,10494388,1006,0,0,0
core_ch,12547874,29477659,1225,1006,1230,1,1006,148.88548200000002,10494388,1006,0,0,0
core_ch_chpot,12547874,29477659,1225,1006,1230,1,1006,4.198175,10494388,1006,0,0,0
dijkstra,12547874,29477659,41272388,53038855,56974659,7427,8088108,98690.468381,19249632,1506,2,1,0
astar_chpot,12547874,29477659,5270,4238,5485,11,2946,4.394214,19249632,1506,2,1,0
dijkstra_bidir_chpot,12547874,29477659,41272388,53038855,56974659,7427,8088108,38766.954288999994,19249632,1506,2,1,0
astar_bidir_chpot,12547874,29477659,5270,4238,5485,11,2946,10.021566,19249632,1506,2,1,0
core_ch,12547874,29477659,5270,4238,5485,11,2946,312.268341,19249632,1506,2,1,0
core_ch_chpot,12547874,29477659,5270,4238,5485,11,2946,5.031186,19249632,1506,2,1,0
dijkstra,12547874,29477659,21874647,26154523,28460146,4607,7147471,49871.238943000004,12656496,1265,0,0,0
astar_chpot,12547874,29477659,1535,1265,1541,0,1265,1.822461,12656496,1265,0,0,0
dijkstra_bidir_chpot,12547874,29477659,21874647,26154523,28460146,4607,7147471,7327.6958429999995,12656496,1265,0,0,0
astar_bidir_chpot,12547874,29477659,1535,1265,1541,0,1265,3.207347,12656496,1265,0,0,0
core_ch,12547874,29477659,1535,1265,1541,0,1265,215.316417,12656496,1265,0,0,0
core_ch_chpot,12547874,29477659,1535,1265,1541,0,1265,5.056629,12656496,1265,0,0,0
dijkstra,12547874,29477659,3292572,3457800,3733699,1226,2162339,5176.224088999999,7560068,822,0,0,0
astar_chpot,12547874,29477659,1159,822,1166,0,822,1.646926,7560068,822,0,0,0
dijkstra_bidir_chpot,12547874,29477659,3292572,3457800,3733699,1226,2162339,1021.541174,7560068,822,0,0,0
astar_bidir_chpot,12547874,29477659,1159,822,1166,0,822,2.757148,7560068,822,0,0,0
core_ch,12547874,29477659,1159,822,1166,0,822,66.402148,7560068,822,0,0,0
core_ch_chpot,12547874,29477659,1159,822,1166,0,822,2.4958530000000003,7560068,822,0,0,0
dijkstra,12547874,29477659,7307795,8063019,8821685,1874,4151525,13983.225650999999,9331127,987,0,0,0
astar_chpot,12547874,29477659,1231,987,1243,3,987,1.868992,9331127,987,0,0,0
dijkstra_bidir_chpot,12547874,29477659,7307795,8063019,8821685,1874,4151525,2326.4827530000002,9331127,987,0,0,0
astar_bidir_chpot,12547874,29477659,1231,987,1243,3,987,3.864671,9331127,987,0,0,0
core_ch,12547874,29477659,1231,987,1243,3,987,143.608285,9331127,987,0,0,0
core_ch_chpot,12547874,29477659,1231,987,1243,3,987,3.3056180000000004,9331127,987,0,0,0
dijkstra,12547874,29477659,14809870,16274607,17617463,3318,5260902,26867.111476000002,11293062,1134,0,0,0
astar_chpot,12547874,29477659,1385,1134,1404,6,1134,1.629493,11293062,1134,0,0,0
dijkstra_bidir_chpot,12547874,29477659,14809870,16274607,17617463,3318,5260902,7057.624308,11293062,1134,0,0,0
astar_bidir_chpot,12547874,29477659,1385,1134,1404,6,1134,3.265305,11293062,1134,0,0,0
core_ch,12547874,29477659,1385,1134,1404,6,1134,188.532928,11293062,1134,0,0,0
core_ch_chpot,12547874,29477659,1385,1134,1404,6,1134,2.6577979999999997,11293062,1134,0,0,0
dijkstra,12547874,29477659,28829674,34892791,37492050,5730,7669229,60679.172648,16041472,1733,0,0,0
astar_chpot,12547874,29477659,2165,1734,2178,1,1734,2.301957,16041472,1733,0,0,0
dijkstra_bidir_chpot,12547874,29477659,28829674,34892791,37492050,5730,7669229,13549.421284999999,16041472,1733,0,0,0
astar_bidir_chpot,12547874,29477659,2165,1734,2178,1,1734,4.290821,16041472,1733,0,0,0
core_ch,12547874,29477659,2165,1734,2178,1,1734,219.565485,16041472,1733,0,0,0
core_ch_chpot,12547874,29477659,2165,1734,2178,1,1734,3.308804,16041472,1733,0,0,0
dijkstra,12547874,29477659,1837733,1815850,1988024,546,1516617,3342.1153600000002,6107602,631,0,0,0
astar_chpot,12547874,29477659,787,631,790,0,631,1.1134490000000001,6107602,631,0,0,0
dijkstra_bidir_chpot,12547874,29477659,1837733,1815850,1988024,546,1516617,952.027444,6107602,631,0,0,0
astar_bidir_chpot,12547874,29477659,787,631,790,0,631,4.343556,6107602,631,0,0,0
core_ch,12547874,29477659,787,631,790,0,631,66.01007200000001,6107602,631,0,0,0
core_ch_chpot,12547874,29477659,787,631,790,0,631,3.712934,6107602,631,0,0,0
dijkstra,12547874,29477659,40867523,53131687,57430718,7770,10839792,98156.153622,14343335,1601,0,0,0
astar_chpot,12547874,29477659,2162,1601,2177,0,1601,2.395546,14343335,1601,0,0,0
dijkstra_bidir_chpot,12547874,29477659,40867523,53131687,57430718,7770,10839792,6624.247828,14343335,1601,0,0,0
astar_bidir_chpot,12547874,29477659,2162,1601,2177,0,1601,3.844312,14343335,1601,0,0,0
core_ch,12547874,29477659,2162,1601,2177,0,1601,208.44000300000002,14343335,1601,0,0,0
core_ch_chpot,12547874,29477659,2162,1601,2177,0,1601,3.90275,14343335,1601,0,0,0
dijkstra,12547874,29477659,14328091,15566288,16765913,2974,5041159,27322.881881,10469446,1056,0,0,0
astar_chpot,12547874,29477659,1262,1056,1271,1,1056,1.565098,10469446,1056,0,0,0
dijkstra_bidir_chpot,12547874,29477659,14328091,15566288,16765913,2974,5041159,3518.442931,10469446,1056,0,0,0
astar_bidir_chpot,12547874,29477659,1262,1056,1271,1,1056,2.1488229999999997,10469446,1056,0,0,0
core_ch,12547874,29477659,1262,1056,1271,1,1056,131.168633,10469446,1056,0,0,0
core_ch_chpot,12547874,29477659,1262,1056,1271,1,1056,3.275132,10469446,1056,0,0,0
dijkstra,12547874,29477659,17033733,19428793,21265879,3772,7070679,35396.218492,10708892,1033,0,0,0
astar_chpot,12547874,29477659,1284,1039,1288,2,1039,1.5902500000000002,10708892,1033,0,0,0
dijkstra_bidir_chpot,12547874,29477659,17033733,19428793,21265879,3772,7070679,5301.137961,10708892,1033,0,0,0
astar_bidir_chpot,12547874,29477659,1284,1039,1288,2,1039,2.841227,10708892,1033,0,0,0
core_ch,12547874,29477659,1284,1039,1288,2,1039,184.16156,10708892,1033,0,0,0
core_ch_chpot,12547874,29477659,1284,1039,1288,2,1039,3.269799,10708892,1033,0,0,0
dijkstra,12547874,29477659,51457942,68799828,74173150,12214,11373759,123056.823677,29719344,2857,1,1,0
astar_chpot,12547874,29477659,5283,4302,5368,2,4075,5.132057,29719344,2857,1,1,0
dijkstra_bidir_chpot,12547874,29477659,51457942,68799828,74173150,12214,11373759,48732.104038000005,29719344,2857,1,1,0
astar_bidir_chpot,12547874,29477659,5283,4302,5368,2,4075,11.066492,29719344,2857,1,1,0
core_ch,12547874,29477659,5283,4302,5368,2,4075,473.468072,29719344,2857,1,1,0
core_ch_chpot,12547874,29477659,5283,4302,5368,2,4075,5.123934,29719344,2857,1,1,0
dijkstra,12547874,29477659,15918232,18253909,19629472,3666,6049291,32179.669287000004,12222081,1200,0,0,0
astar_chpot,12547874,29477659,1470,1200,1483,2,1200,1.720289,12222081,1200,0,0,0
dijkstra_bidir_chpot,12547874,29477659,15918232,18253909,19629472,3666,6049291,5874.560759,12222081,1200,0,0,0
astar_bidir_chpot,12547874,29477659,1470,1200,1483,2,1200,2.6611640000000003,12222081,1200,0,0,0
core_ch,12547874,29477659,1470,1200,1483,2,1200,210.70944799999998,12222081,1200,0,0,0
core_ch_chpot,12547874,29477659,1470,1200,1483,2,1200,4.3918539999999995,12222081,1200,0,0,0
dijkstra,12547874,29477659,43261940,56638775,61191338,10952,10032820,101303.147056,23720520,2086,1,1,0
astar_chpot,12547874,29477659,9299,7316,9521,2,6279,8.726111,23720520,2086,1,1,0
dijkstra_bidir_chpot,12547874,29477659,43261940,56638775,61191338,10952,10032820,33138.445929,23720520,2086,1,1,0
astar_bidir_chpot,12547874,29477659,9299,7316,9521,2,6279,18.074067,23720520,2086,1,1,0
core_ch,12547874,29477659,9299,7316,9521,2,6279,499.257258,23720520,2086,1,1,0
core_ch_chpot,12547874,29477659,9299,7316,9521,2,6279,5.599462,23720520,2086,1,1,0
dijkstra,12547874,29477659,30178659,35639805,38746088,5829,9756474,66544.74575,12869354,1477,0,0,0
astar_chpot,12547874,29477659,1738,1477,1744,0,1477,1.8606969999999998,12869354,1477,0,0,0
dijkstra_bidir_chpot,12547874,29477659,30178659,35639805,38746088,5829,9756474,4201.070441,12869354,1477,0,0,0
astar_bidir_chpot,12547874,29477659,1738,1477,1744,0,1477,2.998208,12869354,1477,0,0,0
core_ch,12547874,29477659,1738,1477,1744,0,1477,166.65490499999999,12869354,1477,0,0,0
core_ch_chpot,12547874,29477659,1738,1477,1744,0,1477,2.221625,12869354,1477,0,0,0
dijkstra,12547874,29477659,35367382,42264346,45715891,6866,11251298,76208.825373,15032450,1588,0,0,0
astar_chpot,12547874,29477659,1855,1588,1863,0,1588,1.924426,15032450,1588,0,0,0
dijkstra_bidir_chpot,12547874,29477659,35367382,42264346,45715891,6866,11251298,9010.860441,15032450,1588,0,0,0
astar_bidir_chpot,12547874,29477659,1855,1588,1863,0,1588,2.951447,15032450,1588,0,0,0
core_ch,12547874,29477659,1855,1588,1863,0,1588,195.352295,15032450,1588,0,0,0
core_ch_chpot,12547874,29477659,1855,1588,1863,0,1588,1.9044489999999998,15032450,1588,0,0,0
dijkstra,12547874,29477659,15656273,17460456,19142657,3622,6394808,30581.870024,10725184,1063,0,0,0
astar_chpot,12547874,29477659,1344,1063,1359,1,1063,1.609143,10725184,1063,0,0,0
dijkstra_bidir_chpot,12547874,29477659,15656273,17460456,19142657,3622,6394808,2767.0873309999997,10725184,1063,0,0,0
astar_bidir_chpot,12547874,29477659,1344,1063,1359,1,1063,13.929706999999999,10725184,1063,0,0,0
core_ch,12547874,29477659,1344,1063,1359,1,1063,166.54305399999998,10725184,1063,0,0,0
core_ch_chpot,12547874,29477659,1344,1063,1359,1,1063,3.0559290000000003,10725184,1063,0,0,0
dijkstra,12547874,29477659,16520299,19414417,21213367,3952,5938578,33747.586191,11024576,1129,0,0,0
astar_chpot,12547874,29477659,1395,1129,1405,3,1129,1.695924,11024576,1129,0,0,0
dijkstra_bidir_chpot,12547874,29477659,16520299,19414417,21213367,3952,5938578,5158.650876000001,11024576,1129,0,0,0
astar_bidir_chpot,12547874,29477659,1395,1129,1405,3,1129,2.603765,11024576,1129,0,0,0
core_ch,12547874,29477659,1395,1129,1405,3,1129,189.356052,11024576,1129,0,0,0
core_ch_chpot,12547874,29477659,1395,1129,1405,3,1129,4.417791,11024576,1129,0,0,0
dijkstra,12547874,29477659,1866633,1901012,2061261,682,1583747,2836.044451,6234843,543,0,0,0
astar_chpot,12547874,29477659,638,543,637,0,543,1.1457600000000001,6234843,543,0,0,0
dijkstra_bidir_chpot,12547874,29477659,1866633,1901012,2061261,682,1583747,682.30863,6234843,543,0,0,0
astar_bidir_chpot,12547874,29477659,638,543,637,0,543,2.814757,6234843,543,0,0,0
core_ch,12547874,29477659,638,543,637,0,543,39.406846,6234843,543,0,0,0
core_ch_chpot,12547874,29477659,638,543,637,0,543,2.888102,6234843,543,0,0,0
dijkstra,12547874,29477659,31284970,44987989,48931057,6436,6971426,82475.322655,19935037,1804,7,1,0
astar_chpot,12547874,29477659,5078,4356,5229,23,3041,4.2605189999999995,19935037,1804,7,1,0
dijkstra_bidir_chpot,12547874,29477659,31284970,44987989,48931057,6436,6971426,33152.767609999995,19935037,1804,7,1,0
astar_bidir_chpot,12547874,29477659,5078,4356,5229,23,3041,9.788306,19935037,1804,7,1,0
core_ch,12547874,29477659,5078,4356,5229,23,3041,292.401359,19935037,1804,7,1,0
core_ch_chpot,12547874,29477659,5078,4356,5229,23,3041,3.945754,19935037,1804,7,1,0
dijkstra,12547874,29477659,11662655,12452031,13552997,2461,4860352,21531.658463,9982219,852,0,0,0
astar_chpot,12547874,29477659,993,852,996,2,852,1.289881,9982219,852,0,0,0
dijkstra_bidir_chpot,12547874,29477659,11662655,12452031,13552997,2461,4860352,5361.2269289999995,9982219,852,0,0,0
astar_bidir_chpot,12547874,29477659,993,852,996,2,852,2.221932,9982219,852,0,0,0
core_ch,12547874,29477659,993,852,996,2,852,169.830638,9982219,852,0,0,0
core_ch_chpot,12547874,29477659,993,852,996,2,852,2.493295,9982219,852,0,0,0
dijkstra,12547874,29477659,44958074,55035278,59285961,8784,9928435,98072.757418,19460360,1540,2,1,0
astar_chpot,12547874,29477659,3969,3303,4167,7,2495,3.6254429999999997,19460360,1540,2,1,0
dijkstra_bidir_chpot,12547874,29477659,44958074,55035278,59285961,8784,9928435,37510.378024,19460360,1540,2,1,0
astar_bidir_chpot,12547874,29477659,3969,3303,4167,7,2495,8.337288,19460360,1540,2,1,0
core_ch,12547874,29477659,3969,3303,4167,7,2495,316.142086,19460360,1540,2,1,0
core_ch_chpot,12547874,29477659,3969,3303,4167,7,2495,5.928412,19460360,1540,2,1,0
dijkstra,12547874,29477659,44622737,60467557,64957171,10264,10028941,108701.27840000001,23328066,1990,2,1,0
astar_chpot,12547874,29477659,6555,5494,6804,3,5103,6.308462,23328066,1990,2,1,0
dijkstra_bidir_chpot,12547874,29477659,44622737,60467557,64957171,10264,10028941,52416.304556,23328066,1990,2,1,0
astar_bidir_chpot,12547874,29477659,6555,5494,6804,3,5103,11.989292,23328066,1990,2,1,0
core_ch,12547874,29477659,6555,5494,6804,3,5103,473.947073,23328066,1990,2,1,0
core_ch_chpot,12547874,29477659,6555,5494,6804,3,5103,5.28616,23328066,1990,2,1,0
dijkstra,12547874,29477659,1365336,1438850,1554124,596,769330,1761.406045,5787096,484,0,0,0
astar_chpot,12547874,29477659,572,484,571,0,484,0.7376900000000001,5787096,484,0,0,0
dijkstra_bidir_chpot,12547874,29477659,1365336,1438850,1554124,596,769330,572.4047559999999,5787096,484,0,0,0
astar_bidir_chpot,12547874,29477659,572,484,571,0,484,4.404588,5787096,484,0,0,0
core_ch,12547874,29477659,572,484,571,0,484,31.227596,5787096,484,0,0,0
core_ch_chpot,12547874,29477659,572,484,571,0,484,4.719282,5787096,484,0,0,0
dijkstra,12547874,29477659,20258403,22675810,24435556,4307,6479866,38630.737855,13221765,1458,0,0,0
astar_chpot,12547874,29477659,1713,1458,1725,4,1458,1.892414,13221765,1458,0,0,0
dijkstra_bidir_chpot,12547874,29477659,20258403,22675810,24435556,4307,6479866,14008.805024000001,13221765,1458,0,0,0
astar_bidir_chpot,12547874,29477659,1713,1458,1725,4,1458,2.726264,13221765,1458,0,0,0
core_ch,12547874,29477659,1713,1458,1725,4,1458,219.24538099999998,13221765,1458,0,0,0
core_ch_chpot,12547874,29477659,1713,1458,1725,4,1458,4.2067179999999995,13221765,1458,0,0,0
dijkstra,12547874,29477659,55637370,72880458,78362820,14002,11837588,128194.657412,27508879,2142,2,1,0
astar_chpot,12547874,29477659,10332,8212,10572,5,8052,9.92527,27508879,2142,2,1,0
dijkstra_bidir_chpot,12547874,29477659,55637370,72880458,78362820,14002,11837588,55943.212799,27508879,2142,2,1,0
astar_bidir_chpot,12547874,29477659,10332,8212,10572,5,8052,21.453767,27508879,2142,2,1,0
core_ch,12547874,29477659,10332,8212,10572,5,8052,557.9489319999999,27508879,2142,2,1,0
core_ch_chpot,12547874,29477659,10332,8212,10572,5,8052,7.575979,27508879,2142,2,1,0
dijkstra,12547874,29477659,1945803,1927811,2070387,342,1814467,3343.985867,5530465,754,0,0,0
astar_chpot,12547874,29477659,1157,754,1165,0,754,1.448889,5530465,754,0,0,0
dijkstra_bidir_chpot,12547874,29477659,1945803,1927811,2070387,342,1814467,868.502435,5530465,754,0,0,0
astar_bidir_chpot,12547874,29477659,1157,754,1165,0,754,5.064443,5530465,754,0,0,0
core_ch,12547874,29477659,1157,754,1165,0,754,28.253307,5530465,754,0,0,0
core_ch_chpot,12547874,29477659,1157,754,1165,0,754,4.984261999999999,5530465,754,0,0,0
dijkstra,12547874,29477659,23552607,28655291,31282330,4903,7281611,52631.167053,11162725,1119,0,0,0
astar_chpot,12547874,29477659,1313,1119,1319,1,1119,1.722794,11162725,1119,0,0,0
dijkstra_bidir_chpot,12547874,29477659,23552607,28655291,31282330,4903,7281611,6056.382223,11162725,1119,0,0,0
astar_bidir_chpot,12547874,29477659,1313,1119,1319,1,1119,2.311464,11162725,1119,0,0,0
core_ch,12547874,29477659,1313,1119,1319,1,1119,171.141346,11162725,1119,0,0,0
core_ch_chpot,12547874,29477659,1313,1119,1319,1,1119,2.854494,11162725,1119,0,0,0
dijkstra,12547874,29477659,3155241,3182548,3510552,1058,2269469,5485.08791,5639652,622,3,0,0
astar_chpot,12547874,29477659,760,626,777,7,626,1.014745,5639652,622,3,0,0
dijkstra_bidir_chpot,12547874,29477659,3155241,3182548,3510552,1058,2269469,1227.585881,5639652,622,3,0,0
astar_bidir_chpot,12547874,29477659,760,626,777,7,626,1.935959,5639652,622,3,0,0
core_ch,12547874,29477659,760,626,777,7,626,72.156286,5639652,622,3,0,0
core_ch_chpot,12547874,29477659,760,626,777,7,626,3.490277,5639652,622,3,0,0
dijkstra,12547874,29477659,35467158,42716678,46139083,7244,10147240,75447.514323,14042080,1224,0,0,0
astar_chpot,12547874,29477659,1468,1231,1487,7,1231,1.653675,14042080,1224,0,0,0
dijkstra_bidir_chpot,12547874,29477659,35467158,42716678,46139083,7244,10147240,5979.557169,14042080,1224,0,0,0
astar_bidir_chpot,12547874,29477659,1468,1231,1487,7,1231,5.653615,14042080,1224,0,0,0
core_ch,12547874,29477659,1468,1231,1487,7,1231,232.340209,14042080,1224,0,0,0
core_ch_chpot,12547874,29477659,1468,1231,1487,7,1231,6.707469,14042080,1224,0,0,0
dijkstra,12547874,29477659,1214556,1192707,1321541,528,1151656,2189.702197,4520512,524,0,0,0
astar_chpot,12547874,29477659,796,524,809,0,524,1.141711,4520512,524,0,0,0
dijkstra_bidir_chpot,12547874,29477659,1214556,1192707,1321541,528,1151656,425.36559,4520512,524,0,0,0
astar_bidir_chpot,12547874,29477659,796,524,809,0,524,2.243269,4520512,524,0,0,0
core_ch,12547874,29477659,796,524,809,0,524,37.281393,4520512,524,0,0,0
core_ch_chpot,12547874,29477659,796,524,809,0,524,2.416094,4520512,524,0,0,0
dijkstra,12547874,29477659,11644647,12549245,13628221,1871,4535053,20086.521149,11585989,1263,0,0,0
astar_chpot,12547874,29477659,1649,1263,1654,0,1263,1.723603,11585989,1263,0,0,0
dijkstra_bidir_chpot,12547874,29477659,11644647,12549245,13628221,1871,4535053,3848.405365,11585989,1263,0,0,0
astar_bidir_chpot,12547874,29477659,1649,1263,1654,0,1263,2.610394,11585989,1263,0,0,0
core_ch,12547874,29477659,1649,1263,1654,0,1263,87.83460799999999,11585989,1263,0,0,0
core_ch_chpot,12547874,29477659,1649,1263,1654,0,1263,2.322653,11585989,1263,0,0,0
dijkstra,12547874,29477659,4053539,4226920,4550582,922,2187600,5930.382579,6599557,787,0,0,0
astar_chpot,12547874,29477659,947,787,949,0,787,1.1840279999999999,6599557,787,0,0,0
dijkstra_bidir_chpot,12547874,29477659,4053539,4226920,4550582,922,2187600,2073.45807,6599557,787,0,0,0
astar_bidir_chpot,12547874,29477659,947,787,949,0,787,2.042601,6599557,787,0,0,0
core_ch,12547874,29477659,947,787,949,0,787,53.532348,6599557,787,0,0,0
core_ch_chpot,12547874,29477659,947,787,949,0,787,2.469923,6599557,787,0,0,0
dijkstra,12547874,29477659,10113422,10936869,12002944,2533,5394825,17440.632634,9184439,1108,0,0,0
astar_chpot,12547874,29477659,1458,1108,1471,3,1108,1.711425,9184439,1108,0,0,0
dijkstra_bidir_chpot,12547874,29477659,10113422,10936869,12002944,2533,5394825,2261.76206,9184439,1108,0,0,0
astar_bidir_chpot,12547874,29477659,1458,1108,1471,3,1108,2.7403750000000002,9184439,1108,0,0,0
core_ch,12547874,29477659,1458,1108,1471,3,1108,116.904472,9184439,1108,0,0,0
core_ch_chpot,12547874,29477659,1458,1108,1471,3,1108,2.937518,9184439,1108,0,0,0
dijkstra,12547874,29477659,52135663,66355173,71454555,11357,10601999,115250.020122,25004008,1772,2,1,0
astar_chpot,12547874,29477659,3292,2830,3375,17,2449,3.0740950000000002,25004008,1772,2,1,0
dijkstra_bidir_chpot,12547874,29477659,52135663,66355173,71454555,11357,10601999,61032.888371,25004008,1772,2,1,0
astar_bidir_chpot,12547874,29477659,3292,2830,3375,17,2449,14.999287,25004008,1772,2,1,0
core_ch,12547874,29477659,3292,2830,3375,17,2449,497.258672,25004008,1772,2,1,0
core_ch_chpot,12547874,29477659,3292,2830,3375,17,2449,5.864732,25004008,1772,2,1,0
dijkstra,12547874,29477659,8910840,9378023,10152161,1224,3571036,14146.57594,10977225,1120,0,0,0
astar_chpot,12547874,29477659,1434,1120,1442,1,1120,1.6562739999999998,10977225,1120,0,0,0
dijkstra_bidir_chpot,12547874,29477659,8910840,9378023,10152161,1224,3571036,4887.149884,10977225,1120,0,0,0
astar_bidir_chpot,12547874,29477659,1434,1120,1442,1,1120,5.554263000000001,10977225,1120,0,0,0
core_ch,12547874,29477659,1434,1120,1442,1,1120,128.002417,10977225,1120,0,0,0
core_ch_chpot,12547874,29477659,1434,1120,1442,1,1120,6.213701,10977225,1120,0,0,0
dijkstra,12547874,29477659,6399816,6695650,7312508,1132,3232196,10595.170115,8129775,783,0,0,0
astar_chpot,12547874,29477659,1064,783,1069,0,783,1.249649,8129775,783,0,0,0
dijkstra_bidir_chpot,12547874,29477659,6399816,6695650,7312508,1132,3232196,1976.115024,8129775,783,0,0,0
astar_bidir_chpot,12547874,29477659,1064,783,1069,0,783,35.080641,8129775,783,0,0,0
core_ch,12547874,29477659,1064,783,1069,0,783,67.9871,8129775,783,0,0,0
core_ch_chpot,12547874,29477659,1064,783,1069,0,783,2.863964,8129775,783,0,0,0
