algo,graph_num_nodes,graph_num_edges,num_queue_pushes,num_settled,num_labels_propagated,num_labels_reset,num_nodes_searched,time_ms,path_distance,path_number_nodes,path_number_flagged_nodes,path_number_pauses
astar_chpot,81505729,189837356,15797,15254,17938,134,4854,108.529595,40012075,2294,5,2
astar_chpot,81505729,189837356,433030,409267,463386,32,337136,400.552661,41542978,2232,3,2
astar_chpot,81505729,189837356,2069,1587,2126,4,1478,44.169031999999994,24927380,1154,4,1
astar_chpot,81505729,189837356,11048,9047,11424,3,8605,9.612762,28832234,2616,3,1
astar_chpot,81505729,189837356,1455,1206,1458,0,1206,2.545538,16111539,1206,0,0
astar_chpot,81505729,189837356,258024584,352088441,378311023,43910,63218760,563760.55605,NaN,NaN,NaN,NaN
astar_chpot,81505729,189837356,15698,13427,16206,51,11791,10.58901,50762062,3542,6,2
astar_chpot,81505729,189837356,312955,312955,342875,0,312955,178.07238,NaN,NaN,NaN,NaN
astar_chpot,81505729,189837356,45858732,67109324,73934705,22225,11927570,108241.736808,92096552,5529,15,5
astar_chpot,81505729,189837356,289445016,384861011,413360709,55487,64053186,645473.6675,NaN,NaN,NaN,NaN
astar_chpot,81505729,189837356,301175,301175,339370,0,301175,189.398088,NaN,NaN,NaN,NaN
astar_chpot,81505729,189837356,250574503,302582624,323677668,30057,63218760,443698.26445400005,NaN,NaN,NaN,NaN
astar_chpot,81505729,189837356,293364,279251,318752,5,279216,208.748345,33364452,1159,1,1
astar_chpot,81505729,189837356,610977,619306,690515,64,472605,495.19428,30009277,1017,3,2
astar_chpot,81505729,189837356,2955405,2963443,3268616,10,2026663,2619.063537,NaN,NaN,NaN,NaN
astar_chpot,81505729,189837356,16683,13322,17218,20,12980,331.7936,29229655,2006,4,1
astar_chpot,81505729,189837356,18086,15782,19199,52,11242,10.721297,41535532,2711,4,2
astar_chpot,81505729,189837356,251849631,326295914,350698186,42007,63218760,472700.83773699997,NaN,NaN,NaN,NaN
astar_chpot,81505729,189837356,5191,4290,5394,25,3425,4.195507999999999,22380600,1904,5,1
astar_chpot,81505729,189837356,17456875,18427438,19319118,529,6074238,16522.144895,NaN,NaN,NaN,NaN
astar_chpot,81505729,189837356,3506590,3557135,3922027,10,2039938,3144.101516,NaN,NaN,NaN,NaN
astar_chpot,81505729,189837356,19109924,20008003,20968989,637,6074238,23595.271149,NaN,NaN,NaN,NaN
astar_chpot,81505729,189837356,239477955,312181668,335256715,32189,63218760,456954.24965,NaN,NaN,NaN,NaN
astar_chpot,81505729,189837356,44932825,61472524,66703289,13125,9362353,93340.477392,96713426,5880,14,5
astar_chpot,81505729,189837356,3050,2514,3209,2,2035,3.400144,30432418,1941,2,1
astar_chpot,81505729,189837356,1050,577,1060,0,577,4.414572000000001,8268441,574,0,0
astar_chpot,81505729,189837356,22834,18799,23746,28,18758,15.237271999999999,30503926,2424,1,1
astar_chpot,81505729,189837356,30714353,39685784,43265593,5608,8651471,53669.171815,70224412,3258,14,4
astar_chpot,81505729,189837356,839192,843553,971532,482,612010,815.005592,73506058,4814,8,4
astar_chpot,81505729,189837356,353334,334933,383774,271,313615,262.120504,73849273,4005,7,4
astar_chpot,81505729,189837356,3205153,3300344,3701436,44,2119792,2415.7616759999996,NaN,NaN,NaN,NaN
astar_chpot,81505729,189837356,4349,3786,4432,16,2929,302.888776,23790373,1755,1,1
astar_chpot,81505729,189837356,1132479,1284173,1441231,10,894402,871.8754399999999,NaN,NaN,NaN,NaN
astar_chpot,81505729,189837356,14233,11100,14841,2,11023,125.767775,31990542,1732,2,1
astar_chpot,81505729,189837356,8182879,11789999,13123137,2256,1975780,15443.899035999999,59594285,2709,7,3
astar_chpot,81505729,189837356,94151,84249,104805,96,59734,64.76573400000001,38644010,2341,7,2
astar_chpot,81505729,189837356,626477,626477,689862,0,626477,405.65058700000003,NaN,NaN,NaN,NaN
astar_chpot,81505729,189837356,361499,361499,408162,0,361499,308.91258700000003,NaN,NaN,NaN,NaN
astar_chpot,81505729,189837356,160192,147140,171592,74,141605,184.975337,41561455,1994,5,2
astar_chpot,81505729,189837356,244638,244638,269098,0,244638,150.686623,NaN,NaN,NaN,NaN
astar_chpot,81505729,189837356,10095,7885,10352,33,7418,7.444733,29688398,2547,2,1
astar_chpot,81505729,189837356,19535730,20404783,21377725,523,6074238,18477.26381,NaN,NaN,NaN,NaN
astar_chpot,81505729,189837356,874624,874624,978898,0,874624,586.142398,NaN,NaN,NaN,NaN
astar_chpot,81505729,189837356,9373602,10429686,11472544,1237,4770061,11837.969748000001,110006965,4921,17,6
astar_chpot,81505729,189837356,6518933,7399841,8207385,3241,3961642,9298.981738,52779255,3092,18,3
astar_chpot,81505729,189837356,7741094,9206857,9994594,1594,3404518,10381.95395,44346472,3019,3,2
astar_chpot,81505729,189837356,5200,4422,5304,8,3396,3.850903,21558608,1741,2,1
astar_chpot,81505729,189837356,579110,579110,652827,0,579110,380.276746,NaN,NaN,NaN,NaN
astar_chpot,81505729,189837356,1476532,1603035,1803351,205,958575,1787.172307,59774989,2903,12,3
astar_chpot,81505729,189837356,122919,112702,132618,49,102140,80.140909,76989068,4848,8,4
astar_chpot,81505729,189837356,708672,673312,754062,801,642599,705.825277,55774650,3303,16,3
astar_chpot,81505729,189837356,100421,88488,110587,382,60622,70.96986600000001,41655071,1835,4,2
astar_chpot,81505729,189837356,976119,943460,1061352,272,894289,859.606695,71578703,3642,7,4
astar_chpot,81505729,189837356,139479,143878,180323,445,80838,109.53976899999999,80947501,5171,8,4
astar_chpot,81505729,189837356,19636912,29710666,33122699,13951,4451677,47233.546429,98437410,5406,13,5
astar_chpot,81505729,189837356,1750222,1752003,1968901,30,1421975,1275.189691,NaN,NaN,NaN,NaN
astar_chpot,81505729,189837356,18923,17845,20499,72,5324,6.93586,41289598,2681,12,2
astar_chpot,81505729,189837356,3468273,3843820,4286476,49,2346879,2844.328878,NaN,NaN,NaN,NaN
astar_chpot,81505729,189837356,1249663,1253902,1297420,26,761481,890.279879,NaN,NaN,NaN,NaN
astar_chpot,81505729,189837356,30157,26562,31449,6,25670,37.070226999999996,19338512,1095,6,1
astar_chpot,81505729,189837356,1217,1011,1222,0,1011,1.833385,12227455,1011,0,0
astar_chpot,81505729,189837356,2407,1899,2463,6,1625,2.5185329999999997,22740092,1342,6,1
astar_chpot,81505729,189837356,2324634,2654689,2761557,28,1216913,1813.37948,NaN,NaN,NaN,NaN
astar_chpot,81505729,189837356,273303412,359236127,385885992,48150,63218760,545293.2973130001,NaN,NaN,NaN,NaN
astar_chpot,81505729,189837356,5424,4494,5593,15,4026,4.1090409999999995,22900976,1124,5,1
astar_chpot,81505729,189837356,421063,421063,466949,0,421063,258.312156,NaN,NaN,NaN,NaN
astar_chpot,81505729,189837356,485341,485341,529167,0,485341,372.73823699999997,NaN,NaN,NaN,NaN
astar_chpot,81505729,189837356,3808140,3873427,4270467,14,2071416,3274.672217,NaN,NaN,NaN,NaN
astar_chpot,81505729,189837356,8889,8291,9513,16,3934,257.1002,42557385,3101,3,2
astar_chpot,81505729,189837356,295043801,398820869,429120969,61581,63218760,629575.7234159999,NaN,NaN,NaN,NaN
astar_chpot,81505729,189837356,19633687,20451170,21425665,759,6074238,21069.206998999998,NaN,NaN,NaN,NaN
astar_chpot,81505729,189837356,19603,17339,23276,134,9782,10.41732,41073181,2526,4,2
astar_chpot,81505729,189837356,805772,805772,896509,0,805772,516.328884,NaN,NaN,NaN,NaN
astar_chpot,81505729,189837356,302589,321434,366610,158,238965,348.35471,58230957,2309,4,3
astar_chpot,81505729,189837356,488874,576491,651661,69,228855,565.6601519999999,40273643,2109,8,2
astar_chpot,81505729,189837356,712759,699640,786510,199,645813,579.768317,74867183,4995,11,4
astar_chpot,81505729,189837356,269960964,354129849,380142281,46311,63218760,503106.924291,NaN,NaN,NaN,NaN
astar_chpot,81505729,189837356,58063,58063,62704,0,58063,30.158640000000002,NaN,NaN,NaN,NaN
astar_chpot,81505729,189837356,13658,11688,14354,50,8240,10.296731999999999,47121823,3246,8,2
astar_chpot,81505729,189837356,21243901,22700062,23783734,690,6074238,23146.800907,NaN,NaN,NaN,NaN
astar_chpot,81505729,189837356,2288335,2855047,2970338,30,1217214,1872.0702500000002,NaN,NaN,NaN,NaN
astar_chpot,81505729,189837356,245844532,319792427,343710281,33585,63218760,440339.964447,NaN,NaN,NaN,NaN
astar_chpot,81505729,189837356,3512,3100,3610,19,2271,3.649136,22873033,1772,2,1
astar_chpot,81505729,189837356,222409,212963,238231,12,197007,148.023936,55892775,3350,5,3
astar_chpot,81505729,189837356,2354022,2530916,2826666,212,1607171,2544.893223,53295244,2179,7,3
astar_chpot,81505729,189837356,76881070,95872026,103553695,16062,18004945,134288.91222,208494395,10550,37,12
astar_chpot,81505729,189837356,2217822,2458915,2735466,549,1024065,2460.466853,98953988,4745,8,5
astar_chpot,81505729,189837356,25642,22770,28464,12,16055,15.419829,38175476,3202,3,2
astar_chpot,81505729,189837356,6174,5018,6267,4,4727,5.112334,30434052,1822,2,1
astar_chpot,81505729,189837356,3070426,3128741,3515416,44,2009790,2275.7729790000003,NaN,NaN,NaN,NaN
astar_chpot,81505729,189837356,251502600,345012608,370284092,40020,63218760,481814.75897,NaN,NaN,NaN,NaN
astar_chpot,81505729,189837356,14248881,17318433,19267335,7610,6185872,21078.695767999998,139344626,8418,13,7
astar_chpot,81505729,189837356,3038,2779,3137,6,1792,2.388229,22219548,1600,5,1
astar_chpot,81505729,189837356,8571,6068,9089,3,5710,5.148102,25421560,1635,1,1
astar_chpot,81505729,189837356,1210,878,1224,0,878,1.655573,10712669,878,0,0
astar_chpot,81505729,189837356,2014,1588,2024,2,1588,2.480316,15747578,1588,0,0
astar_chpot,81505729,189837356,60090,60090,65697,0,60090,33.776413999999995,NaN,NaN,NaN,NaN
astar_chpot,81505729,189837356,6048,4561,6341,2,4040,8.756231999999999,22075573,1397,2,1
astar_chpot,81505729,189837356,106497,96011,112345,24,88839,78.109119,41337183,2922,2,2
astar_chpot,81505729,189837356,240188761,319464475,343141519,35963,63218760,431999.150906,NaN,NaN,NaN,NaN
astar_bidir_chpot,81505729,189837356,15797,15254,17938,134,4854,65.798983,40012075,2294,5,2
astar_bidir_chpot,81505729,189837356,433030,409267,463386,32,337136,829.795201,41542978,2232,3,2
astar_bidir_chpot,81505729,189837356,2069,1587,2126,4,1478,7.5570070000000005,24927380,1154,4,1
astar_bidir_chpot,81505729,189837356,11048,9047,11424,3,8605,24.576655,28832234,2616,3,1
astar_bidir_chpot,81505729,189837356,1455,1206,1458,0,1206,3.9866390000000003,16111539,1206,0,0
astar_bidir_chpot,81505729,189837356,258024584,352088441,378311023,43910,63218760,649451.4899350001,NaN,NaN,NaN,NaN
astar_bidir_chpot,81505729,189837356,15698,13427,16206,51,11791,28.730552,50762062,3542,6,2
astar_bidir_chpot,81505729,189837356,312955,312955,342875,0,312955,3334.2391860000002,NaN,NaN,NaN,NaN
astar_bidir_chpot,81505729,189837356,45858732,67109324,73934705,22225,11927570,151527.540557,92096552,5529,15,5
astar_bidir_chpot,81505729,189837356,289445016,384861011,413360709,55487,64053186,739315.1387,NaN,NaN,NaN,NaN
astar_bidir_chpot,81505729,189837356,301175,301175,339370,0,301175,3598.971604,NaN,NaN,NaN,NaN
astar_bidir_chpot,81505729,189837356,250574503,302582624,323677668,30057,63218760,2.490595,NaN,NaN,NaN,NaN
astar_bidir_chpot,81505729,189837356,293364,279251,318752,5,279216,972.230947,33364452,1159,1,1
astar_bidir_chpot,81505729,189837356,610977,619306,690515,64,472605,2857.581362,30009277,1017,3,2
astar_bidir_chpot,81505729,189837356,2955405,2963443,3268616,10,2026663,551668.307898,NaN,NaN,NaN,NaN
astar_bidir_chpot,81505729,189837356,16683,13322,17218,20,12980,26.486992,29229655,2006,4,1
astar_bidir_chpot,81505729,189837356,18086,15782,19199,52,11242,26.005656,41535532,2711,4,2
astar_bidir_chpot,81505729,189837356,251849631,326295914,350698186,42007,63218760,573994.435528,NaN,NaN,NaN,NaN
astar_bidir_chpot,81505729,189837356,5191,4290,5394,25,3425,10.454576,22380600,1904,5,1
astar_bidir_chpot,81505729,189837356,17456875,18427438,19319118,529,6074238,500675.595452,NaN,NaN,NaN,NaN
astar_bidir_chpot,81505729,189837356,3506590,3557135,3922027,10,2039938,471990.469554,NaN,NaN,NaN,NaN
astar_bidir_chpot,81505729,189837356,19109924,20008003,20968989,637,6074238,553295.3837789999,NaN,NaN,NaN,NaN
astar_bidir_chpot,81505729,189837356,239477955,312181668,335256715,32189,63218760,544335.3043460001,NaN,NaN,NaN,NaN
astar_bidir_chpot,81505729,189837356,44932825,61472524,66703289,13125,9362353,114663.511301,96713426,5880,14,5
astar_bidir_chpot,81505729,189837356,3050,2514,3209,2,2035,6.40018,30432418,1941,2,1
astar_bidir_chpot,81505729,189837356,1050,577,1060,0,577,4.196016999999999,8268441,574,0,0
astar_bidir_chpot,81505729,189837356,22834,18799,23746,28,18758,33.261979999999994,30503926,2424,1,1
astar_bidir_chpot,81505729,189837356,30714353,39685784,43265593,5608,8651471,73659.179793,70224412,3258,14,4
astar_bidir_chpot,81505729,189837356,839192,843553,971532,482,612010,4953.244017,73506058,4814,8,4
astar_bidir_chpot,81505729,189837356,353334,334933,383774,271,313615,3631.485116,73849273,4005,7,4
astar_bidir_chpot,81505729,189837356,3205153,3300344,3701436,44,2119792,579460.9016110001,NaN,NaN,NaN,NaN
astar_bidir_chpot,81505729,189837356,4349,3786,4432,16,2929,8.85313,23790373,1755,1,1
astar_bidir_chpot,81505729,189837356,1132479,1284173,1441231,10,894402,587844.814816,NaN,NaN,NaN,NaN
astar_bidir_chpot,81505729,189837356,14233,11100,14841,2,11023,20.878391,31990542,1732,2,1
astar_bidir_chpot,81505729,189837356,8182879,11789999,13123137,2256,1975780,22255.029229,59594285,2709,7,3
astar_bidir_chpot,81505729,189837356,94151,84249,104805,96,59734,147.064396,38644010,2341,7,2
astar_bidir_chpot,81505729,189837356,626477,626477,689862,0,626477,542492.573398,NaN,NaN,NaN,NaN
astar_bidir_chpot,81505729,189837356,361499,361499,408162,0,361499,619707.954053,NaN,NaN,NaN,NaN
astar_bidir_chpot,81505729,189837356,160192,147140,171592,74,141605,1095.001409,41561455,1994,5,2
astar_bidir_chpot,81505729,189837356,244638,244638,269098,0,244638,602114.5308129999,NaN,NaN,NaN,NaN
astar_bidir_chpot,81505729,189837356,10095,7885,10352,33,7418,16.607108,29688398,2547,2,1
astar_bidir_chpot,81505729,189837356,19535730,20404783,21377725,523,6074238,26354.0437,NaN,NaN,NaN,NaN
astar_bidir_chpot,81505729,189837356,874624,874624,978898,0,874624,5763.938552,NaN,NaN,NaN,NaN
astar_bidir_chpot,81505729,189837356,9373602,10429686,11472544,1237,4770061,34684.586002000004,110006965,4921,17,6
astar_bidir_chpot,81505729,189837356,6518933,7399841,8207385,3241,3961642,12506.348512,52779255,3092,18,3
astar_bidir_chpot,81505729,189837356,7741094,9206857,9994594,1594,3404518,16299.753472999999,44346472,3019,3,2
astar_bidir_chpot,81505729,189837356,5200,4422,5304,8,3396,10.596236,21558608,1741,2,1
astar_bidir_chpot,81505729,189837356,579110,579110,652827,0,579110,773.9541290000001,NaN,NaN,NaN,NaN
astar_bidir_chpot,81505729,189837356,1476532,1603035,1803351,205,958575,5520.329534,59774989,2903,12,3
astar_bidir_chpot,81505729,189837356,122919,112702,132618,49,102140,9280.219153999999,76989068,4848,8,4
astar_bidir_chpot,81505729,189837356,708672,673312,754062,801,642599,2501.5788260000004,55774650,3303,16,3
astar_bidir_chpot,81505729,189837356,100421,88488,110587,382,60622,122.164017,41655071,1835,4,2
astar_bidir_chpot,81505729,189837356,976119,943460,1061352,272,894289,14126.921273,71578703,3642,7,4
astar_bidir_chpot,81505729,189837356,139479,143878,180323,445,80838,651.339595,80947501,5171,8,4
astar_bidir_chpot,81505729,189837356,19636912,29710666,33122699,13951,4451677,61410.308193,98437410,5406,13,5
astar_bidir_chpot,81505729,189837356,1750222,1752003,1968901,30,1421975,648379.25878,NaN,NaN,NaN,NaN
astar_bidir_chpot,81505729,189837356,18923,17845,20499,72,5324,21.910183,41289598,2681,12,2
astar_bidir_chpot,81505729,189837356,3468273,3843820,4286476,49,2346879,681310.157699,NaN,NaN,NaN,NaN
astar_bidir_chpot,81505729,189837356,1249663,1253902,1297420,26,761481,513902.07145399996,NaN,NaN,NaN,NaN
astar_bidir_chpot,81505729,189837356,30157,26562,31449,6,25670,56.389737000000004,19338512,1095,6,1
astar_bidir_chpot,81505729,189837356,1217,1011,1222,0,1011,3.159438,12227455,1011,0,0
astar_bidir_chpot,81505729,189837356,2407,1899,2463,6,1625,5.711049999999999,22740092,1342,6,1
astar_bidir_chpot,81505729,189837356,2324634,2654689,2761557,28,1216913,652527.1143039999,NaN,NaN,NaN,NaN
astar_bidir_chpot,81505729,189837356,273303412,359236127,385885992,48150,63218760,630906.5019759999,NaN,NaN,NaN,NaN
astar_bidir_chpot,81505729,189837356,5424,4494,5593,15,4026,10.074097,22900976,1124,5,1
astar_bidir_chpot,81505729,189837356,421063,421063,466949,0,421063,674738.270026,NaN,NaN,NaN,NaN
astar_bidir_chpot,81505729,189837356,485341,485341,529167,0,485341,494031.366752,NaN,NaN,NaN,NaN
astar_bidir_chpot,81505729,189837356,3808140,3873427,4270467,14,2071416,617121.768847,NaN,NaN,NaN,NaN
astar_bidir_chpot,81505729,189837356,8889,8291,9513,16,3934,8.211481,42557385,3101,3,2
astar_bidir_chpot,81505729,189837356,295043801,398820869,429120969,61581,63218760,708147.455163,NaN,NaN,NaN,NaN
astar_bidir_chpot,81505729,189837356,19633687,20451170,21425665,759,6074238,28649.006685,NaN,NaN,NaN,NaN
astar_bidir_chpot,81505729,189837356,19603,17339,23276,134,9782,29.228682999999997,41073181,2526,4,2
astar_bidir_chpot,81505729,189837356,805772,805772,896509,0,805772,437825.22801200004,NaN,NaN,NaN,NaN
astar_bidir_chpot,81505729,189837356,302589,321434,366610,158,238965,1720.936628,58230957,2309,4,3
astar_bidir_chpot,81505729,189837356,488874,576491,651661,69,228855,1308.19656,40273643,2109,8,2
astar_bidir_chpot,81505729,189837356,712759,699640,786510,199,645813,128785.86251499999,74867183,4995,11,4
astar_bidir_chpot,81505729,189837356,269960964,354129849,380142281,46311,63218760,584027.38067,NaN,NaN,NaN,NaN
astar_bidir_chpot,81505729,189837356,58063,58063,62704,0,58063,2.16519,NaN,NaN,NaN,NaN
astar_bidir_chpot,81505729,189837356,13658,11688,14354,50,8240,20.024756,47121823,3246,8,2
astar_bidir_chpot,81505729,189837356,21243901,22700062,23783734,690,6074238,508854.189362,NaN,NaN,NaN,NaN
astar_bidir_chpot,81505729,189837356,2288335,2855047,2970338,30,1217214,503773.454451,NaN,NaN,NaN,NaN
astar_bidir_chpot,81505729,189837356,245844532,319792427,343710281,33585,63218760,515841.55023899995,NaN,NaN,NaN,NaN
astar_bidir_chpot,81505729,189837356,3512,3100,3610,19,2271,6.8831359999999995,22873033,1772,2,1
astar_bidir_chpot,81505729,189837356,222409,212963,238231,12,197007,2904.7299749999997,55892775,3350,5,3
astar_bidir_chpot,81505729,189837356,2354022,2530916,2826666,212,1607171,5194.959495,53295244,2179,7,3
astar_bidir_chpot,81505729,189837356,76881070,95872026,103553695,16062,18004945,263651.54706099996,208494395,10550,37,12
astar_bidir_chpot,81505729,189837356,2217822,2458915,2735466,549,1024065,8717.198003,98953988,4745,8,5
astar_bidir_chpot,81505729,189837356,25642,22770,28464,12,16055,45.458151,38175476,3202,3,2
astar_bidir_chpot,81505729,189837356,6174,5018,6267,4,4727,10.222982,30434052,1822,2,1
astar_bidir_chpot,81505729,189837356,3070426,3128741,3515416,44,2009790,449517.551694,NaN,NaN,NaN,NaN
astar_bidir_chpot,81505729,189837356,251502600,345012608,370284092,40020,63218760,564205.868988,NaN,NaN,NaN,NaN
astar_bidir_chpot,81505729,189837356,14248881,17318433,19267335,7610,6185872,123191.93620699999,139344626,8418,13,7
astar_bidir_chpot,81505729,189837356,3038,2779,3137,6,1792,5.849552,22219548,1600,5,1
astar_bidir_chpot,81505729,189837356,8571,6068,9089,3,5710,11.721079000000001,25421560,1635,1,1
astar_bidir_chpot,81505729,189837356,1210,878,1224,0,878,2.9940100000000003,10712669,878,0,0
astar_bidir_chpot,81505729,189837356,2014,1588,2024,2,1588,4.2776380000000005,15747578,1588,0,0
astar_bidir_chpot,81505729,189837356,60090,60090,65697,0,60090,503099.685746,NaN,NaN,NaN,NaN
astar_bidir_chpot,81505729,189837356,6048,4561,6341,2,4040,10.925215,22075573,1397,2,1
astar_bidir_chpot,81505729,189837356,106497,96011,112345,24,88839,176.690918,41337183,2922,2,2
astar_bidir_chpot,81505729,189837356,240188761,319464475,343141519,35963,63218760,505663.032841,NaN,NaN,NaN,NaN
core_ch,81505729,189837356,15797,15254,17938,134,4854,412.413254,40012075,2294,5,2
core_ch_chpot,81505729,189837356,15797,15254,17938,134,4854,10.333893,40012075,2294,5,2
core_ch,81505729,189837356,433030,409267,463386,32,337136,173.633074,41542978,2232,3,2
core_ch_chpot,81505729,189837356,433030,409267,463386,32,337136,2.614099,41542978,2232,3,2
core_ch,81505729,189837356,2069,1587,2126,4,1478,270.489443,24927380,1154,4,1
core_ch_chpot,81505729,189837356,2069,1587,2126,4,1478,4.1304,24927380,1154,4,1
core_ch,81505729,189837356,11048,9047,11424,3,8605,176.513183,28832234,2616,3,1
core_ch_chpot,81505729,189837356,11048,9047,11424,3,8605,3.294872,28832234,2616,3,1
core_ch,81505729,189837356,1455,1206,1458,0,1206,84.89566599999999,16111539,1206,0,0
core_ch_chpot,81505729,189837356,1455,1206,1458,0,1206,4.375425,16111539,1206,0,0
core_ch,81505729,189837356,258024584,352088441,378311023,43910,63218760,343.879294,NaN,NaN,NaN,NaN
core_ch_chpot,81505729,189837356,258024584,352088441,378311023,43910,63218760,379.161109,NaN,NaN,NaN,NaN
core_ch,81505729,189837356,15698,13427,16206,51,11791,583.725201,50762062,3542,6,2
core_ch_chpot,81505729,189837356,15698,13427,16206,51,11791,30.894247,50762062,3542,6,2
core_ch,81505729,189837356,312955,312955,342875,0,312955,3.2324450000000002,NaN,NaN,NaN,NaN
core_ch_chpot,81505729,189837356,312955,312955,342875,0,312955,3.749749,NaN,NaN,NaN,NaN
core_ch,81505729,189837356,45858732,67109324,73934705,22225,11927570,355.38388199999997,92096552,5529,15,5
core_ch_chpot,81505729,189837356,45858732,67109324,73934705,22225,11927570,391.665689,92096552,5529,15,5
core_ch,81505729,189837356,289445016,384861011,413360709,55487,64053186,215.184132,NaN,NaN,NaN,NaN
core_ch_chpot,81505729,189837356,289445016,384861011,413360709,55487,64053186,245.528314,NaN,NaN,NaN,NaN
core_ch,81505729,189837356,301175,301175,339370,0,301175,2.045862,NaN,NaN,NaN,NaN
core_ch_chpot,81505729,189837356,301175,301175,339370,0,301175,2.431709,NaN,NaN,NaN,NaN
core_ch,81505729,189837356,250574503,302582624,323677668,30057,63218760,325.64838000000003,NaN,NaN,NaN,NaN
core_ch_chpot,81505729,189837356,250574503,302582624,323677668,30057,63218760,1.7739209999999999,NaN,NaN,NaN,NaN
core_ch,81505729,189837356,293364,279251,318752,5,279216,64.499187,33364452,1159,1,1
core_ch_chpot,81505729,189837356,293364,279251,318752,5,279216,3.4058349999999997,33364452,1159,1,1
core_ch,81505729,189837356,610977,619306,690515,64,472605,137.245043,30009277,1017,3,2
core_ch_chpot,81505729,189837356,610977,619306,690515,64,472605,6.604524,30009277,1017,3,2
core_ch,81505729,189837356,2955405,2963443,3268616,10,2026663,327.610615,NaN,NaN,NaN,NaN
core_ch_chpot,81505729,189837356,2955405,2963443,3268616,10,2026663,399.85075,NaN,NaN,NaN,NaN
core_ch,81505729,189837356,16683,13322,17218,20,12980,397.72164,29229655,2006,4,1
core_ch_chpot,81505729,189837356,16683,13322,17218,20,12980,21.478191,29229655,2006,4,1
core_ch,81505729,189837356,18086,15782,19199,52,11242,438.623061,41535532,2711,4,2
core_ch_chpot,81505729,189837356,18086,15782,19199,52,11242,22.981009,41535532,2711,4,2
core_ch,81505729,189837356,251849631,326295914,350698186,42007,63218760,410.14381199999997,NaN,NaN,NaN,NaN
core_ch_chpot,81505729,189837356,251849631,326295914,350698186,42007,63218760,55.31094,NaN,NaN,NaN,NaN
core_ch,81505729,189837356,5191,4290,5394,25,3425,422.882005,22380600,1904,5,1
core_ch_chpot,81505729,189837356,5191,4290,5394,25,3425,7.148745,22380600,1904,5,1
core_ch,81505729,189837356,17456875,18427438,19319118,529,6074238,326.380364,NaN,NaN,NaN,NaN
core_ch_chpot,81505729,189837356,17456875,18427438,19319118,529,6074238,403.543112,NaN,NaN,NaN,NaN
core_ch,81505729,189837356,3506590,3557135,3922027,10,2039938,389.893774,NaN,NaN,NaN,NaN
core_ch_chpot,81505729,189837356,3506590,3557135,3922027,10,2039938,471.120244,NaN,NaN,NaN,NaN
core_ch,81505729,189837356,19109924,20008003,20968989,637,6074238,389.834974,NaN,NaN,NaN,NaN
core_ch_chpot,81505729,189837356,19109924,20008003,20968989,637,6074238,478.98915800000003,NaN,NaN,NaN,NaN
core_ch,81505729,189837356,239477955,312181668,335256715,32189,63218760,358.315744,NaN,NaN,NaN,NaN
core_ch_chpot,81505729,189837356,239477955,312181668,335256715,32189,63218760,395.40836,NaN,NaN,NaN,NaN
core_ch,81505729,189837356,44932825,61472524,66703289,13125,9362353,580.92795,96713426,5880,14,5
core_ch_chpot,81505729,189837356,44932825,61472524,66703289,13125,9362353,182.65166299999999,96713426,5880,14,5
core_ch,81505729,189837356,3050,2514,3209,2,2035,568.523432,30432418,1941,2,1
core_ch_chpot,81505729,189837356,3050,2514,3209,2,2035,8.521063,30432418,1941,2,1
core_ch,81505729,189837356,1050,577,1060,0,577,1.500511,8268441,574,0,0
core_ch_chpot,81505729,189837356,1050,577,1060,0,577,2.134885,8268441,574,0,0
core_ch,81505729,189837356,22834,18799,23746,28,18758,402.655297,30503926,2424,1,1
core_ch_chpot,81505729,189837356,22834,18799,23746,28,18758,11.67386,30503926,2424,1,1
core_ch,81505729,189837356,30714353,39685784,43265593,5608,8651471,485.406722,70224412,3258,14,4
core_ch_chpot,81505729,189837356,30714353,39685784,43265593,5608,8651471,141.557108,70224412,3258,14,4
core_ch,81505729,189837356,839192,843553,971532,482,612010,626.110709,73506058,4814,8,4
core_ch_chpot,81505729,189837356,839192,843553,971532,482,612010,28.252968,73506058,4814,8,4
core_ch,81505729,189837356,353334,334933,383774,271,313615,534.7432650000001,73849273,4005,7,4
core_ch_chpot,81505729,189837356,353334,334933,383774,271,313615,61.135782999999996,73849273,4005,7,4
core_ch,81505729,189837356,3205153,3300344,3701436,44,2119792,404.485223,NaN,NaN,NaN,NaN
core_ch_chpot,81505729,189837356,3205153,3300344,3701436,44,2119792,39.973642,NaN,NaN,NaN,NaN
core_ch,81505729,189837356,4349,3786,4432,16,2929,472.772472,23790373,1755,1,1
core_ch_chpot,81505729,189837356,4349,3786,4432,16,2929,8.811084000000001,23790373,1755,1,1
core_ch,81505729,189837356,1132479,1284173,1441231,10,894402,365.938623,NaN,NaN,NaN,NaN
core_ch_chpot,81505729,189837356,1132479,1284173,1441231,10,894402,458.32835300000005,NaN,NaN,NaN,NaN
core_ch,81505729,189837356,14233,11100,14841,2,11023,375.01301,31990542,1732,2,1
core_ch_chpot,81505729,189837356,14233,11100,14841,2,11023,8.066703,31990542,1732,2,1
core_ch,81505729,189837356,8182879,11789999,13123137,2256,1975780,392.935335,59594285,2709,7,3
core_ch_chpot,81505729,189837356,8182879,11789999,13123137,2256,1975780,150.886529,59594285,2709,7,3
core_ch,81505729,189837356,94151,84249,104805,96,59734,341.786126,38644010,2341,7,2
core_ch_chpot,81505729,189837356,94151,84249,104805,96,59734,4.078086,38644010,2341,7,2
core_ch,81505729,189837356,626477,626477,689862,0,626477,90.11426999999999,NaN,NaN,NaN,NaN
core_ch_chpot,81505729,189837356,626477,626477,689862,0,626477,2.878527,NaN,NaN,NaN,NaN
core_ch,81505729,189837356,361499,361499,408162,0,361499,264.557646,NaN,NaN,NaN,NaN
core_ch_chpot,81505729,189837356,361499,361499,408162,0,361499,315.70403899999997,NaN,NaN,NaN,NaN
core_ch,81505729,189837356,160192,147140,171592,74,141605,413.129103,41561455,1994,5,2
core_ch_chpot,81505729,189837356,160192,147140,171592,74,141605,7.070654,41561455,1994,5,2
core_ch,81505729,189837356,244638,244638,269098,0,244638,355.767981,NaN,NaN,NaN,NaN
core_ch_chpot,81505729,189837356,244638,244638,269098,0,244638,436.501976,NaN,NaN,NaN,NaN
core_ch,81505729,189837356,10095,7885,10352,33,7418,486.701915,29688398,2547,2,1
core_ch_chpot,81505729,189837356,10095,7885,10352,33,7418,14.946709,29688398,2547,2,1
core_ch,81505729,189837356,19535730,20404783,21377725,523,6074238,7.406401,NaN,NaN,NaN,NaN
core_ch_chpot,81505729,189837356,19535730,20404783,21377725,523,6074238,8.640739,NaN,NaN,NaN,NaN
core_ch,81505729,189837356,874624,874624,978898,0,874624,485.190589,NaN,NaN,NaN,NaN
core_ch_chpot,81505729,189837356,874624,874624,978898,0,874624,338.340277,NaN,NaN,NaN,NaN
core_ch,81505729,189837356,9373602,10429686,11472544,1237,4770061,563.498199,110006965,4921,17,6
core_ch_chpot,81505729,189837356,9373602,10429686,11472544,1237,4770061,48.330024,110006965,4921,17,6
core_ch,81505729,189837356,6518933,7399841,8207385,3241,3961642,558.5371329999999,52779255,3092,18,3
core_ch_chpot,81505729,189837356,6518933,7399841,8207385,3241,3961642,29.624571999999997,52779255,3092,18,3
core_ch,81505729,189837356,7741094,9206857,9994594,1594,3404518,301.844287,44346472,3019,3,2
core_ch_chpot,81505729,189837356,7741094,9206857,9994594,1594,3404518,7.409472,44346472,3019,3,2
core_ch,81505729,189837356,5200,4422,5304,8,3396,410.379304,21558608,1741,2,1
core_ch_chpot,81505729,189837356,5200,4422,5304,8,3396,6.842713,21558608,1741,2,1
core_ch,81505729,189837356,579110,579110,652827,0,579110,2.050983,NaN,NaN,NaN,NaN
core_ch_chpot,81505729,189837356,579110,579110,652827,0,579110,2.6535360000000003,NaN,NaN,NaN,NaN
core_ch,81505729,189837356,1476532,1603035,1803351,205,958575,409.05899,59774989,2903,12,3
core_ch_chpot,81505729,189837356,1476532,1603035,1803351,205,958575,6.62358,59774989,2903,12,3
core_ch,81505729,189837356,122919,112702,132618,49,102140,409.862026,76989068,4848,8,4
core_ch_chpot,81505729,189837356,122919,112702,132618,49,102140,32.283198999999996,76989068,4848,8,4
core_ch,81505729,189837356,708672,673312,754062,801,642599,596.89697,55774650,3303,16,3
core_ch_chpot,81505729,189837356,708672,673312,754062,801,642599,16.672609,55774650,3303,16,3
core_ch,81505729,189837356,100421,88488,110587,382,60622,510.354027,41655071,1835,4,2
core_ch_chpot,81505729,189837356,100421,88488,110587,382,60622,7.302173000000001,41655071,1835,4,2
core_ch,81505729,189837356,976119,943460,1061352,272,894289,478.335667,71578703,3642,7,4
core_ch_chpot,81505729,189837356,976119,943460,1061352,272,894289,160.295198,71578703,3642,7,4
core_ch,81505729,189837356,139479,143878,180323,445,80838,588.429342,80947501,5171,8,4
core_ch_chpot,81505729,189837356,139479,143878,180323,445,80838,99.074991,80947501,5171,8,4
core_ch,81505729,189837356,19636912,29710666,33122699,13951,4451677,543.393686,98437410,5406,13,5
core_ch_chpot,81505729,189837356,19636912,29710666,33122699,13951,4451677,78.871423,98437410,5406,13,5
core_ch,81505729,189837356,1750222,1752003,1968901,30,1421975,8.649198,NaN,NaN,NaN,NaN
core_ch_chpot,81505729,189837356,1750222,1752003,1968901,30,1421975,9.922388000000002,NaN,NaN,NaN,NaN
core_ch,81505729,189837356,18923,17845,20499,72,5324,384.363379,41289598,2681,12,2
core_ch_chpot,81505729,189837356,18923,17845,20499,72,5324,9.893654999999999,41289598,2681,12,2
core_ch,81505729,189837356,3468273,3843820,4286476,49,2346879,229.186432,NaN,NaN,NaN,NaN
core_ch_chpot,81505729,189837356,3468273,3843820,4286476,49,2346879,267.51121500000005,NaN,NaN,NaN,NaN
core_ch,81505729,189837356,1249663,1253902,1297420,26,761481,207.387279,NaN,NaN,NaN,NaN
core_ch_chpot,81505729,189837356,1249663,1253902,1297420,26,761481,236.211226,NaN,NaN,NaN,NaN
core_ch,81505729,189837356,30157,26562,31449,6,25670,43.398948,19338512,1095,6,1
core_ch_chpot,81505729,189837356,30157,26562,31449,6,25670,3.255119,19338512,1095,6,1
core_ch,81505729,189837356,1217,1011,1222,0,1011,45.376067,12227455,1011,0,0
core_ch_chpot,81505729,189837356,1217,1011,1222,0,1011,3.957133,12227455,1011,0,0
core_ch,81505729,189837356,2407,1899,2463,6,1625,344.40896399999997,22740092,1342,6,1
core_ch_chpot,81505729,189837356,2407,1899,2463,6,1625,7.444837000000001,22740092,1342,6,1
core_ch,81505729,189837356,2324634,2654689,2761557,28,1216913,256.023637,NaN,NaN,NaN,NaN
core_ch_chpot,81505729,189837356,2324634,2654689,2761557,28,1216913,311.063283,NaN,NaN,NaN,NaN
core_ch,81505729,189837356,273303412,359236127,385885992,48150,63218760,413.83838299999996,NaN,NaN,NaN,NaN
core_ch_chpot,81505729,189837356,273303412,359236127,385885992,48150,63218760,138.438049,NaN,NaN,NaN,NaN
core_ch,81505729,189837356,5424,4494,5593,15,4026,352.276268,22900976,1124,5,1
core_ch_chpot,81505729,189837356,5424,4494,5593,15,4026,4.7606779999999995,22900976,1124,5,1
core_ch,81505729,189837356,421063,421063,466949,0,421063,259.44109199999997,NaN,NaN,NaN,NaN
core_ch_chpot,81505729,189837356,421063,421063,466949,0,421063,320.759597,NaN,NaN,NaN,NaN
core_ch,81505729,189837356,485341,485341,529167,0,485341,435.90846100000005,NaN,NaN,NaN,NaN
core_ch_chpot,81505729,189837356,485341,485341,529167,0,485341,520.7286909999999,NaN,NaN,NaN,NaN
core_ch,81505729,189837356,3808140,3873427,4270467,14,2071416,282.955693,NaN,NaN,NaN,NaN
core_ch_chpot,81505729,189837356,3808140,3873427,4270467,14,2071416,349.435145,NaN,NaN,NaN,NaN
core_ch,81505729,189837356,8889,8291,9513,16,3934,494.71063599999997,42557385,3101,3,2
core_ch_chpot,81505729,189837356,8889,8291,9513,16,3934,36.949381,42557385,3101,3,2
core_ch,81505729,189837356,295043801,398820869,429120969,61581,63218760,316.523432,NaN,NaN,NaN,NaN
core_ch_chpot,81505729,189837356,295043801,398820869,429120969,61581,63218760,359.25394,NaN,NaN,NaN,NaN
core_ch,81505729,189837356,19633687,20451170,21425665,759,6074238,225.276949,NaN,NaN,NaN,NaN
core_ch_chpot,81505729,189837356,19633687,20451170,21425665,759,6074238,272.67316800000003,NaN,NaN,NaN,NaN
core_ch,81505729,189837356,19603,17339,23276,134,9782,512.7390939999999,41073181,2526,4,2
core_ch_chpot,81505729,189837356,19603,17339,23276,134,9782,10.249112,41073181,2526,4,2
core_ch,81505729,189837356,805772,805772,896509,0,805772,403.55767199999997,NaN,NaN,NaN,NaN
core_ch_chpot,81505729,189837356,805772,805772,896509,0,805772,19.382761,NaN,NaN,NaN,NaN
core_ch,81505729,189837356,302589,321434,366610,158,238965,292.29303699999997,58230957,2309,4,3
core_ch_chpot,81505729,189837356,302589,321434,366610,158,238965,3.687511,58230957,2309,4,3
core_ch,81505729,189837356,488874,576491,651661,69,228855,153.36293600000002,40273643,2109,8,2
core_ch_chpot,81505729,189837356,488874,576491,651661,69,228855,3.575901,40273643,2109,8,2
core_ch,81505729,189837356,712759,699640,786510,199,645813,491.154906,74867183,4995,11,4
core_ch_chpot,81505729,189837356,712759,699640,786510,199,645813,90.766826,74867183,4995,11,4
core_ch,81505729,189837356,269960964,354129849,380142281,46311,63218760,208.2546,NaN,NaN,NaN,NaN
core_ch_chpot,81505729,189837356,269960964,354129849,380142281,46311,63218760,236.27694699999998,NaN,NaN,NaN,NaN
core_ch,81505729,189837356,58063,58063,62704,0,58063,1.41833,NaN,NaN,NaN,NaN
core_ch_chpot,81505729,189837356,58063,58063,62704,0,58063,1.565765,NaN,NaN,NaN,NaN
core_ch,81505729,189837356,13658,11688,14354,50,8240,615.173377,47121823,3246,8,2
core_ch_chpot,81505729,189837356,13658,11688,14354,50,8240,13.601792999999999,47121823,3246,8,2
core_ch,81505729,189837356,21243901,22700062,23783734,690,6074238,417.506749,NaN,NaN,NaN,NaN
core_ch_chpot,81505729,189837356,21243901,22700062,23783734,690,6074238,507.11538599999994,NaN,NaN,NaN,NaN
core_ch,81505729,189837356,2288335,2855047,2970338,30,1217214,355.76117,NaN,NaN,NaN,NaN
core_ch_chpot,81505729,189837356,2288335,2855047,2970338,30,1217214,441.337227,NaN,NaN,NaN,NaN
core_ch,81505729,189837356,245844532,319792427,343710281,33585,63218760,537.597374,NaN,NaN,NaN,NaN
core_ch_chpot,81505729,189837356,245844532,319792427,343710281,33585,63218760,243.129455,NaN,NaN,NaN,NaN
core_ch,81505729,189837356,3512,3100,3610,19,2271,432.449185,22873033,1772,2,1
core_ch_chpot,81505729,189837356,3512,3100,3610,19,2271,6.316172999999999,22873033,1772,2,1
core_ch,81505729,189837356,222409,212963,238231,12,197007,381.554547,55892775,3350,5,3
core_ch_chpot,81505729,189837356,222409,212963,238231,12,197007,6.434581,55892775,3350,5,3
core_ch,81505729,189837356,2354022,2530916,2826666,212,1607171,166.935862,53295244,2179,7,3
core_ch_chpot,81505729,189837356,2354022,2530916,2826666,212,1607171,8.049552,53295244,2179,7,3
core_ch,81505729,189837356,76881070,95872026,103553695,16062,18004945,8.564373999999999,208494395,10550,37,12
core_ch_chpot,81505729,189837356,76881070,95872026,103553695,16062,18004945,9.826550999999998,208494395,10550,37,12
core_ch,81505729,189837356,2217822,2458915,2735466,549,1024065,564.2515099999999,98953988,4745,8,5
core_ch_chpot,81505729,189837356,2217822,2458915,2735466,549,1024065,131.522966,98953988,4745,8,5
core_ch,81505729,189837356,25642,22770,28464,12,16055,147.432861,38175476,3202,3,2
core_ch_chpot,81505729,189837356,25642,22770,28464,12,16055,2.991336,38175476,3202,3,2
core_ch,81505729,189837356,6174,5018,6267,4,4727,456.14907999999997,30434052,1822,2,1
core_ch_chpot,81505729,189837356,6174,5018,6267,4,4727,12.463837999999999,30434052,1822,2,1
core_ch,81505729,189837356,3070426,3128741,3515416,44,2009790,373.82799900000003,NaN,NaN,NaN,NaN
core_ch_chpot,81505729,189837356,3070426,3128741,3515416,44,2009790,59.508854,NaN,NaN,NaN,NaN
core_ch,81505729,189837356,251502600,345012608,370284092,40020,63218760,370.821936,NaN,NaN,NaN,NaN
core_ch_chpot,81505729,189837356,251502600,345012608,370284092,40020,63218760,10.804886,NaN,NaN,NaN,NaN
core_ch,81505729,189837356,14248881,17318433,19267335,7610,6185872,581.856988,139344626,8418,13,7
core_ch_chpot,81505729,189837356,14248881,17318433,19267335,7610,6185872,213.435709,139344626,8418,13,7
core_ch,81505729,189837356,3038,2779,3137,6,1792,488.54567,22219548,1600,5,1
core_ch_chpot,81505729,189837356,3038,2779,3137,6,1792,9.30538,22219548,1600,5,1
core_ch,81505729,189837356,8571,6068,9089,3,5710,2.844964,25421560,1635,1,1
core_ch_chpot,81505729,189837356,8571,6068,9089,3,5710,1.876899,25421560,1635,1,1
core_ch,81505729,189837356,1210,878,1224,0,878,31.160648,10712669,878,0,0
core_ch_chpot,81505729,189837356,1210,878,1224,0,878,2.504362,10712669,878,0,0
core_ch,81505729,189837356,2014,1588,2024,2,1588,292.77284399999996,15747578,1588,0,0
core_ch_chpot,81505729,189837356,2014,1588,2024,2,1588,4.965933,15747578,1588,0,0
core_ch,81505729,189837356,60090,60090,65697,0,60090,386.58684,NaN,NaN,NaN,NaN
core_ch_chpot,81505729,189837356,60090,60090,65697,0,60090,471.84331699999996,NaN,NaN,NaN,NaN
core_ch,81505729,189837356,6048,4561,6341,2,4040,279.51760399999995,22075573,1397,2,1
core_ch_chpot,81505729,189837356,6048,4561,6341,2,4040,4.466368,22075573,1397,2,1
core_ch,81505729,189837356,106497,96011,112345,24,88839,336.230186,41337183,2922,2,2
core_ch_chpot,81505729,189837356,106497,96011,112345,24,88839,3.6357559999999998,41337183,2922,2,2
core_ch,81505729,189837356,240188761,319464475,343141519,35963,63218760,388.47970999999995,NaN,NaN,NaN,NaN
core_ch_chpot,81505729,189837356,240188761,319464475,343141519,35963,63218760,320.69152699999995,NaN,NaN,NaN,NaN
