algo,graph_num_nodes,graph_num_edges,num_queue_pushes,num_settled,num_labels_propagated,num_labels_reset,num_nodes_searched,time_ms,path_distance,path_number_nodes,path_number_flagged_nodes,path_number_short_pauses,path_number_long_pauses
astar_chpot,81505729,189837356,700,404,714,0,404,37.411195,2538381,404,0,0,0
astar_bidir_chpot,81505729,189837356,700,404,714,0,404,54.353971,2538381,404,0,0,0
core_ch,81505729,189837356,700,404,714,0,404,7.733061,2538381,404,0,0,0
core_ch_chpot,81505729,189837356,700,404,714,0,404,20.699454,2538381,404,0,0,0
astar_chpot,81505729,189837356,2,2,1,0,2,1.997678,NaN,NaN,NaN,NaN,NaN
astar_bidir_chpot,81505729,189837356,2,2,1,0,2,3.744231,NaN,NaN,NaN,NaN,NaN
core_ch,81505729,189837356,2,2,1,0,2,2.301114,NaN,NaN,NaN,NaN,NaN
core_ch_chpot,81505729,189837356,2,2,1,0,2,4.574347,NaN,NaN,NaN,NaN,NaN
astar_chpot,81505729,189837356,62925,62518,70688,267,11966,59.407067,69972955,3101,11,2,1
astar_bidir_chpot,81505729,189837356,62925,62518,70688,267,11966,119.490992,69972955,3101,11,2,1
core_ch,81505729,189837356,62925,62518,70688,267,11966,1080.867987,69852695,3101,11,2,1
core_ch_chpot,81505729,189837356,62925,62518,70688,267,11966,105.321957,69852695,3101,11,2,1
astar_chpot,81505729,189837356,80,80,82,0,31,0.915366,NaN,NaN,NaN,NaN,NaN
astar_bidir_chpot,81505729,189837356,80,80,82,0,31,2.760983,NaN,NaN,NaN,NaN,NaN
core_ch,81505729,189837356,80,80,82,0,31,744.4132999999999,NaN,NaN,NaN,NaN,NaN
core_ch_chpot,81505729,189837356,80,80,82,0,31,3.106775,NaN,NaN,NaN,NaN,NaN
astar_chpot,81505729,189837356,27556,26465,31936,56,13358,23.404369000000003,76877281,3091,6,2,1
astar_bidir_chpot,81505729,189837356,27556,26465,31936,56,13358,32.190909,76877281,3091,6,2,1
core_ch,81505729,189837356,27556,26465,31936,56,13358,819.060189,80793229,3091,6,2,1
core_ch_chpot,81505729,189837356,27556,26465,31936,56,13358,40.09251,80793229,3091,6,2,1
astar_chpot,81505729,189837356,11703060,14853093,16062319,3608,3884829,20579.891107000003,93994189,4713,5,3,1
astar_bidir_chpot,81505729,189837356,11703060,14853093,16062319,3608,3884829,23696.412785,93994189,4713,5,3,1
core_ch,81505729,189837356,11703060,14853093,16062319,3608,3884829,822.084921,98439676,4713,5,3,1
core_ch_chpot,81505729,189837356,11703060,14853093,16062319,3608,3884829,102.881502,98684706,4713,5,3,1
astar_chpot,81505729,189837356,25211188,38128206,40737015,4903,7517191,61025.522875,162640645,5763,13,7,2
astar_bidir_chpot,81505729,189837356,25211188,38128206,40737015,4903,7517191,71245.351308,162640645,5763,13,7,2
core_ch,81505729,189837356,25211188,38128206,40737015,4903,7517191,862.7715929999999,189345440,5763,13,7,2
core_ch_chpot,81505729,189837356,25211188,38128206,40737015,4903,7517191,239.09106899999998,189345440,5763,13,7,2
astar_chpot,81505729,189837356,3064244,3044038,3469340,1527,2390665,3847.590832,84649783,3356,6,3,1
astar_bidir_chpot,81505729,189837356,3064244,3044038,3469340,1527,2390665,4679.210929,84649783,3356,6,3,1
core_ch,81505729,189837356,3064244,3044038,3469340,1527,2390665,899.2944389999999,85222716,3356,6,3,1
core_ch_chpot,81505729,189837356,3064244,3044038,3469340,1527,2390665,54.514202,85222716,3356,6,3,1
astar_chpot,81505729,189837356,2322175,2559974,2948730,6,1398653,1756.700102,NaN,NaN,NaN,NaN,NaN
astar_bidir_chpot,81505729,189837356,2322175,2559974,2948730,6,1398653,8035.63434,NaN,NaN,NaN,NaN,NaN
core_ch,81505729,189837356,2322175,2559974,2948730,6,1398653,525.54462,NaN,NaN,NaN,NaN,NaN
core_ch_chpot,81505729,189837356,2322175,2559974,2948730,6,1398653,627.321313,NaN,NaN,NaN,NaN,NaN
astar_chpot,81505729,189837356,1150,941,1152,0,941,1.9477929999999999,9046011,941,0,0,0
astar_bidir_chpot,81505729,189837356,1150,941,1152,0,941,3.624202,9046011,941,0,0,0
core_ch,81505729,189837356,1150,941,1152,0,941,58.130919000000006,9046011,941,0,0,0
core_ch_chpot,81505729,189837356,1150,941,1152,0,941,3.888492,9046011,941,0,0,0
astar_chpot,81505729,189837356,402745,500364,559522,192,296919,356.488368,151567694,4548,10,5,2
astar_bidir_chpot,81505729,189837356,402745,500364,559522,192,296919,33037.460241,151567694,4548,10,5,2
core_ch,81505729,189837356,402745,500364,559522,192,296919,1139.786026,165907467,4548,10,5,2
core_ch_chpot,81505729,189837356,402745,500364,559522,192,296919,45.305454000000005,165907467,4548,10,5,2
astar_chpot,81505729,189837356,47883,51522,62093,779,9976,166.299119,73072045,2834,7,2,1
astar_bidir_chpot,81505729,189837356,47883,51522,62093,779,9976,43.124716,73072045,2834,7,2,1
core_ch,81505729,189837356,47883,51522,62093,779,9976,1326.81293,72987180,2834,7,2,1
core_ch_chpot,81505729,189837356,47883,51522,62093,779,9976,12.425118000000001,72987180,2834,7,2,1
astar_chpot,81505729,189837356,5495,4521,5634,3,3732,283.630608,25999125,2156,2,1,0
astar_bidir_chpot,81505729,189837356,5495,4521,5634,3,3732,8.509718,25999125,2156,2,1,0
core_ch,81505729,189837356,5495,4521,5634,3,3732,618.100419,27344667,2156,2,1,0
core_ch_chpot,81505729,189837356,5495,4521,5634,3,3732,29.913099,27273220,2156,2,1,0
astar_chpot,81505729,189837356,397937,447846,506065,51,311273,491.673014,98576157,4951,3,3,1
astar_bidir_chpot,81505729,189837356,397937,447846,506065,51,311273,2856.148413,98576157,4951,3,3,1
core_ch,81505729,189837356,397937,447846,506065,51,311273,1265.340776,106851008,4951,3,3,1
core_ch_chpot,81505729,189837356,397937,447846,506065,51,311273,213.646959,106634902,4951,3,3,1
astar_chpot,81505729,189837356,4254,3405,4425,10,2852,4.902921,25131035,1712,4,1,0
astar_bidir_chpot,81505729,189837356,4254,3405,4425,10,2852,9.465505,25131035,1712,4,1,0
core_ch,81505729,189837356,4254,3405,4425,10,2852,444.86152,25106206,1712,4,1,0
core_ch_chpot,81505729,189837356,4254,3405,4425,10,2852,9.907052,25106206,1712,4,1,0
astar_chpot,81505729,189837356,288283,334494,376941,53,174427,332.992283,90548229,3845,3,3,1
astar_bidir_chpot,81505729,189837356,288283,334494,376941,53,174427,3818.3416540000003,90548229,3845,3,3,1
core_ch,81505729,189837356,288283,334494,376941,53,174427,1276.388741,95559311,3845,3,3,1
core_ch_chpot,81505729,189837356,288283,334494,376941,53,174427,106.99475799999999,95343205,3845,3,3,1
astar_chpot,81505729,189837356,23522,23412,28363,212,11866,14.466953,69167293,2913,3,2,1
astar_bidir_chpot,81505729,189837356,23522,23412,28363,212,11866,36.657379,69167293,2913,3,2,1
core_ch,81505729,189837356,23522,23412,28363,212,11866,776.548075,70667211,2913,3,2,1
core_ch_chpot,81505729,189837356,23522,23412,28363,212,11866,14.410616,70667211,2913,3,2,1
astar_chpot,81505729,189837356,929,625,937,0,625,22.863956,7496408,625,0,0,0
astar_bidir_chpot,81505729,189837356,929,625,937,0,625,3.154406,7496408,625,0,0,0
core_ch,81505729,189837356,929,625,937,0,625,8.320538,7496408,625,0,0,0
core_ch_chpot,81505729,189837356,929,625,937,0,625,3.640305,7496408,625,0,0,0
astar_chpot,81505729,189837356,83814,77889,89556,1,77803,105.974024,21372180,978,1,1,0
astar_bidir_chpot,81505729,189837356,83814,77889,89556,1,77803,164.269205,21372180,978,1,1,0
core_ch,81505729,189837356,83814,77889,89556,1,77803,7.314576,20766819,978,1,1,0
core_ch_chpot,81505729,189837356,83814,77889,89556,1,77803,8.069559,20766819,978,1,1,0
astar_chpot,81505729,189837356,5021,4082,5145,6,4048,4.883219,33312251,1852,3,1,0
astar_bidir_chpot,81505729,189837356,5021,4082,5145,6,4048,15.054098999999999,33312251,1852,3,1,0
core_ch,81505729,189837356,5021,4082,5145,6,4048,587.8181989999999,35900590,1852,3,1,0
core_ch_chpot,81505729,189837356,5021,4082,5145,6,4048,16.378270999999998,35900590,1852,3,1,0
astar_chpot,81505729,189837356,15165,13972,16536,69,5069,9.270387999999999,70434239,2959,8,2,1
astar_bidir_chpot,81505729,189837356,15165,13972,16536,69,5069,13.196059,70434239,2959,8,2,1
core_ch,81505729,189837356,15165,13972,16536,69,5069,1348.577111,70463708,2959,8,2,1
core_ch_chpot,81505729,189837356,15165,13972,16536,69,5069,18.152207999999998,70463708,2959,8,2,1
astar_chpot,81505729,189837356,6691165,6914579,7665608,14,2762386,6204.382084,NaN,NaN,NaN,NaN,NaN
astar_bidir_chpot,81505729,189837356,6691165,6914579,7665608,14,2762386,6673.284549,NaN,NaN,NaN,NaN,NaN
core_ch,81505729,189837356,6691165,6914579,7665608,14,2762386,655.213025,NaN,NaN,NaN,NaN,NaN
core_ch_chpot,81505729,189837356,6691165,6914579,7665608,14,2762386,747.479097,NaN,NaN,NaN,NaN,NaN
astar_chpot,81505729,189837356,28334,26377,32386,347,10343,17.124353,86361458,3212,15,3,1
astar_bidir_chpot,81505729,189837356,28334,26377,32386,347,10343,23.563644,86361458,3212,15,3,1
core_ch,81505729,189837356,28334,26377,32386,347,10343,1384.099481,88810309,3212,15,3,1
core_ch_chpot,81505729,189837356,28334,26377,32386,347,10343,48.132163999999996,88810309,3212,15,3,1
astar_chpot,81505729,189837356,935,788,935,0,788,1.545411,8998693,788,0,0,0
astar_bidir_chpot,81505729,189837356,935,788,935,0,788,3.580066,8998693,788,0,0,0
core_ch,81505729,189837356,935,788,935,0,788,122.512337,8998693,788,0,0,0
core_ch_chpot,81505729,189837356,935,788,935,0,788,8.387889000000001,8998693,788,0,0,0
astar_chpot,81505729,189837356,44176772,88419656,96168803,20531,7649784,128021.59771500001,145062649,4267,22,5,2
astar_bidir_chpot,81505729,189837356,44176772,88419656,96168803,20531,7649784,161314.31490400003,145062649,4267,22,5,2
core_ch,81505729,189837356,44176772,88419656,96168803,20531,7649784,553.5681989999999,NaN,NaN,NaN,NaN,NaN
core_ch_chpot,81505729,189837356,44176772,88419656,96168803,20531,7649784,660.866012,NaN,NaN,NaN,NaN,NaN
astar_chpot,81505729,189837356,2102,1650,2129,8,1647,4.450718999999999,30193945,1453,7,1,0
astar_bidir_chpot,81505729,189837356,2102,1650,2129,8,1647,268.078422,30193945,1453,7,1,0
core_ch,81505729,189837356,2102,1650,2129,8,1647,501.146502,30169971,1453,7,1,0
core_ch_chpot,81505729,189837356,2102,1650,2129,8,1647,48.43592,30169971,1453,7,1,0
astar_chpot,81505729,189837356,1590,1355,1593,1,1355,2.442592,14919748,1355,0,0,0
astar_bidir_chpot,81505729,189837356,1590,1355,1593,1,1355,6.128107,14919748,1355,0,0,0
core_ch,81505729,189837356,1590,1355,1593,1,1355,348.87230200000005,14919748,1355,0,0,0
core_ch_chpot,81505729,189837356,1590,1355,1593,1,1355,17.317977,14919748,1355,0,0,0
astar_chpot,81505729,189837356,57236,56385,68507,149,23083,292.81897000000004,88460198,4255,5,3,1
astar_bidir_chpot,81505729,189837356,57236,56385,68507,149,23083,129.733272,88460198,4255,5,3,1
core_ch,81505729,189837356,57236,56385,68507,149,23083,1163.224148,90707235,4255,5,3,1
core_ch_chpot,81505729,189837356,57236,56385,68507,149,23083,152.350144,90707235,4255,5,3,1
astar_chpot,81505729,189837356,7510656,9525599,10685966,1321,3957719,12172.580696,102031948,2507,8,4,1
astar_bidir_chpot,81505729,189837356,7510656,9525599,10685966,1321,3957719,22739.056359,102031948,2507,8,4,1
core_ch,81505729,189837356,7510656,9525599,10685966,1321,3957719,514.174672,NaN,NaN,NaN,NaN,NaN
core_ch_chpot,81505729,189837356,7510656,9525599,10685966,1321,3957719,688.16861,NaN,NaN,NaN,NaN,NaN
astar_chpot,81505729,189837356,1770026,1789148,1979704,94,1134044,1811.404155,88296170,2012,7,3,1
astar_bidir_chpot,81505729,189837356,1770026,1789148,1979704,94,1134044,10055.352294,88296170,2012,7,3,1
core_ch,81505729,189837356,1770026,1789148,1979704,94,1134044,571.6440809999999,NaN,NaN,NaN,NaN,NaN
core_ch_chpot,81505729,189837356,1770026,1789148,1979704,94,1134044,673.2871630000001,NaN,NaN,NaN,NaN,NaN
astar_chpot,81505729,189837356,88697,93676,104278,37,73792,61.90147,67974366,2202,2,2,1
astar_bidir_chpot,81505729,189837356,88697,93676,104278,37,73792,512.5283969999999,67974366,2202,2,2,1
core_ch,81505729,189837356,88697,93676,104278,37,73792,1007.8671850000001,203583175,2202,2,2,1
core_ch_chpot,81505729,189837356,88697,93676,104278,37,73792,703.900537,203583175,2202,2,2,1
astar_chpot,81505729,189837356,1048,839,1047,0,839,1.542171,13846814,839,0,0,0
astar_bidir_chpot,81505729,189837356,1048,839,1047,0,839,5.275798,13846814,839,0,0,0
core_ch,81505729,189837356,1048,839,1047,0,839,166.725407,13846814,839,0,0,0
core_ch_chpot,81505729,189837356,1048,839,1047,0,839,4.980270999999999,13846814,839,0,0,0
astar_chpot,81505729,189837356,5473866,8118053,9043269,1517,2186191,8341.743006,82887852,2236,4,3,1
astar_bidir_chpot,81505729,189837356,5473866,8118053,9043269,1517,2186191,12047.015425,82887852,2236,4,3,1
core_ch,81505729,189837356,5473866,8118053,9043269,1517,2186191,1005.3911259999999,86162332,2236,4,3,1
core_ch_chpot,81505729,189837356,5473866,8118053,9043269,1517,2186191,66.323388,86162332,2236,4,3,1
astar_chpot,81505729,189837356,56708,52102,63568,183,29613,37.299687999999996,86459814,3085,5,3,1
astar_bidir_chpot,81505729,189837356,56708,52102,63568,183,29613,187.932311,86459814,3085,5,3,1
core_ch,81505729,189837356,56708,52102,63568,183,29613,1278.88012,86282529,3085,5,3,1
core_ch_chpot,81505729,189837356,56708,52102,63568,183,29613,25.062068,86282529,3085,5,3,1
astar_chpot,81505729,189837356,2733,2253,2757,6,2137,3.65184,24004924,1925,3,1,0
astar_bidir_chpot,81505729,189837356,2733,2253,2757,6,2137,7.885007,24004924,1925,3,1,0
core_ch,81505729,189837356,2733,2253,2757,6,2137,573.006513,23976133,1925,3,1,0
core_ch_chpot,81505729,189837356,2733,2253,2757,6,2137,10.695153000000001,23976133,1925,3,1,0
astar_chpot,81505729,189837356,145150,153123,195211,558,66668,127.713137,90053427,3590,8,3,1
astar_bidir_chpot,81505729,189837356,145150,153123,195211,558,66668,216.213018,90053427,3590,8,3,1
core_ch,81505729,189837356,145150,153123,195211,558,66668,1054.779329,92785172,3590,8,3,1
core_ch_chpot,81505729,189837356,145150,153123,195211,558,66668,70.28087099999999,92785172,3590,8,3,1
astar_chpot,81505729,189837356,534,414,534,0,414,1.2942500000000001,4192456,413,0,0,0
astar_bidir_chpot,81505729,189837356,534,414,534,0,414,4.913026,4192456,413,0,0,0
core_ch,81505729,189837356,534,414,534,0,414,28.908914,4192456,413,0,0,0
core_ch_chpot,81505729,189837356,534,414,534,0,414,6.855356,4192456,413,0,0,0
astar_chpot,81505729,189837356,912862,964762,1044317,125,872637,714.627918,140303980,5247,9,4,2
astar_bidir_chpot,81505729,189837356,912862,964762,1044317,125,872637,149961.257542,140303980,5247,9,4,2
core_ch,81505729,189837356,912862,964762,1044317,125,872637,1156.443461,129126250,5247,9,4,2
core_ch_chpot,81505729,189837356,912862,964762,1044317,125,872637,75.27832,129126250,5247,9,4,2
astar_chpot,81505729,189837356,33937,29390,36145,71,27278,198.89384600000002,37501765,2687,6,2,0
astar_bidir_chpot,81505729,189837356,33937,29390,36145,71,27278,79.183547,37501765,2687,6,2,0
core_ch,81505729,189837356,33937,29390,36145,71,27278,589.006814,37436325,2687,6,2,0
core_ch_chpot,81505729,189837356,33937,29390,36145,71,27278,25.363028,37436325,2687,6,2,0
astar_chpot,81505729,189837356,4249630,6434717,7156922,470,2493063,6361.238659,82040402,2209,7,3,1
astar_bidir_chpot,81505729,189837356,4249630,6434717,7156922,470,2493063,11139.132624,82040402,2209,7,3,1
core_ch,81505729,189837356,4249630,6434717,7156922,470,2493063,398.947856,80845220,2209,7,3,1
core_ch_chpot,81505729,189837356,4249630,6434717,7156922,470,2493063,12.821549,80845220,2209,7,3,1
astar_chpot,81505729,189837356,2350,1556,2379,0,1556,3.306312,15192413,1556,0,0,0
astar_bidir_chpot,81505729,189837356,2350,1556,2379,0,1556,5.882083,15192413,1556,0,0,0
core_ch,81505729,189837356,2350,1556,2379,0,1556,21.599325999999998,15192413,1556,0,0,0
core_ch_chpot,81505729,189837356,2350,1556,2379,0,1556,6.591602,15192413,1556,0,0,0
astar_chpot,81505729,189837356,55929,56815,68596,859,15206,170.75103,89433139,3386,5,3,1
astar_bidir_chpot,81505729,189837356,55929,56815,68596,859,15206,45.170035999999996,89433139,3386,5,3,1
core_ch,81505729,189837356,55929,56815,68596,859,15206,1086.606349,89316787,3386,5,3,1
core_ch_chpot,81505729,189837356,55929,56815,68596,859,15206,18.590852,89316787,3386,5,3,1
astar_chpot,81505729,189837356,21742,21353,25044,60,7972,20.20565,71614897,2445,5,2,1
astar_bidir_chpot,81505729,189837356,21742,21353,25044,60,7972,157.83243299999998,71614897,2445,5,2,1
core_ch,81505729,189837356,21742,21353,25044,60,7972,928.947219,72003513,2445,5,2,1
core_ch_chpot,81505729,189837356,21742,21353,25044,60,7972,19.287955,72003513,2445,5,2,1
astar_chpot,81505729,189837356,164288,188534,221963,478,122030,163.61652099999998,99252408,4108,5,3,1
astar_bidir_chpot,81505729,189837356,164288,188534,221963,478,122030,1213.499112,99252408,4108,5,3,1
core_ch,81505729,189837356,164288,188534,221963,478,122030,1037.301118,98936533,4108,5,3,1
core_ch_chpot,81505729,189837356,164288,188534,221963,478,122030,23.22331,99233281,4108,5,3,1
astar_chpot,81505729,189837356,2,2,1,0,2,0.669995,NaN,NaN,NaN,NaN,NaN
astar_bidir_chpot,81505729,189837356,2,2,1,0,2,4.075336,NaN,NaN,NaN,NaN,NaN
core_ch,81505729,189837356,2,2,1,0,2,1011.8244780000001,NaN,NaN,NaN,NaN,NaN
core_ch_chpot,81505729,189837356,2,2,1,0,2,3.23984,NaN,NaN,NaN,NaN,NaN
astar_chpot,81505729,189837356,11677753,17408879,19224343,2482,3732995,22438.325437,93313681,2647,6,4,1
astar_bidir_chpot,81505729,189837356,11677753,17408879,19224343,2482,3732995,27798.425174999997,93313681,2647,6,4,1
core_ch,81505729,189837356,11677753,17408879,19224343,2482,3732995,730.9840949999999,99898891,2647,6,4,1
core_ch_chpot,81505729,189837356,11677753,17408879,19224343,2482,3732995,75.682504,99898891,2647,6,4,1
astar_chpot,81505729,189837356,2,2,1,0,2,0.612962,NaN,NaN,NaN,NaN,NaN
astar_bidir_chpot,81505729,189837356,2,2,1,0,2,5.117216,NaN,NaN,NaN,NaN,NaN
core_ch,81505729,189837356,2,2,1,0,2,981.604598,NaN,NaN,NaN,NaN,NaN
core_ch_chpot,81505729,189837356,2,2,1,0,2,2.9214860000000002,NaN,NaN,NaN,NaN,NaN
astar_chpot,81505729,189837356,4214147,4460698,4949735,344,2680993,4967.6065579999995,97772706,2902,9,4,1
astar_bidir_chpot,81505729,189837356,4214147,4460698,4949735,344,2680993,29059.691553,97772706,2902,9,4,1
core_ch,81505729,189837356,4214147,4460698,4949735,344,2680993,522.8526380000001,NaN,NaN,NaN,NaN,NaN
core_ch_chpot,81505729,189837356,4214147,4460698,4949735,344,2680993,619.538185,NaN,NaN,NaN,NaN,NaN
astar_chpot,81505729,189837356,723992,707903,786930,28,526487,657.524384,36824341,2413,3,2,0
astar_bidir_chpot,81505729,189837356,723992,707903,786930,28,526487,1494.65505,36824341,2413,3,2,0
core_ch,81505729,189837356,723992,707903,786930,28,526487,6.521738,29324647,2413,3,2,0
core_ch_chpot,81505729,189837356,723992,707903,786930,28,526487,4.493152,29324647,2413,3,2,0
astar_chpot,81505729,189837356,3443,3003,3543,16,2608,3.0915589999999997,24683597,1840,5,1,0
astar_bidir_chpot,81505729,189837356,3443,3003,3543,16,2608,7.650785,24683597,1840,5,1,0
core_ch,81505729,189837356,3443,3003,3543,16,2608,513.9828699999999,24643397,1840,5,1,0
core_ch_chpot,81505729,189837356,3443,3003,3543,16,2608,6.971991,24643397,1840,5,1,0
astar_chpot,81505729,189837356,35010109,59557151,65526147,31919,5173560,108902.77801400001,200019229,6177,11,6,3
astar_bidir_chpot,81505729,189837356,35010109,59557151,65526147,31919,5173560,145589.165775,200019229,6177,11,6,3
core_ch,81505729,189837356,35010109,59557151,65526147,31919,5173560,1199.303711,200811587,6177,11,6,3
core_ch_chpot,81505729,189837356,35010109,59557151,65526147,31919,5173560,43.511654,200811587,6177,11,6,3
astar_chpot,81505729,189837356,21143654,31982525,35084382,6306,5242018,41607.926271,137732658,3820,6,4,2
astar_bidir_chpot,81505729,189837356,21143654,31982525,35084382,6306,5242018,30855.138471,137732658,3820,6,4,2
core_ch,81505729,189837356,21143654,31982525,35084382,6306,5242018,858.885409,NaN,NaN,NaN,NaN,NaN
core_ch_chpot,81505729,189837356,21143654,31982525,35084382,6306,5242018,985.030391,NaN,NaN,NaN,NaN,NaN
astar_chpot,81505729,189837356,375478,350154,403695,198,304607,542.68558,96859870,4628,6,3,1
astar_bidir_chpot,81505729,189837356,375478,350154,403695,198,304607,1756.780494,96859870,4628,6,3,1
core_ch,81505729,189837356,375478,350154,403695,198,304607,1236.072153,100973967,4628,6,3,1
core_ch_chpot,81505729,189837356,375478,350154,403695,198,304607,68.74209,100973967,4628,6,3,1
astar_chpot,81505729,189837356,76131,78845,97592,41,51691,95.339875,73558886,2428,3,2,1
astar_bidir_chpot,81505729,189837356,76131,78845,97592,41,51691,207.93259799999998,73558886,2428,3,2,1
core_ch,81505729,189837356,76131,78845,97592,41,51691,963.2517320000001,79684261,2428,3,2,1
core_ch_chpot,81505729,189837356,76131,78845,97592,41,51691,17.443279,79684261,2428,3,2,1
astar_chpot,81505729,189837356,4052890,6955558,7483258,2158,2406371,9776.324087,83270181,2756,5,3,1
astar_bidir_chpot,81505729,189837356,4052890,6955558,7483258,2158,2406371,11243.296963,83270181,2756,5,3,1
core_ch,81505729,189837356,4052890,6955558,7483258,2158,2406371,1013.795478,82923544,2756,5,3,1
core_ch_chpot,81505729,189837356,4052890,6955558,7483258,2158,2406371,11.671568,82923544,2756,5,3,1
astar_chpot,81505729,189837356,962,687,967,0,687,2.326183,11233633,687,0,0,0
astar_bidir_chpot,81505729,189837356,962,687,967,0,687,6.328753000000001,11233633,687,0,0,0
core_ch,81505729,189837356,962,687,967,0,687,6.933065,11233633,687,0,0,0
core_ch_chpot,81505729,189837356,962,687,967,0,687,6.723152,11233633,687,0,0,0
